Tabs	Trel	O2(%)	H2(%)	CO(%)	CO2(%)	CH4(%)	SO2(ppm)	NO(ppm)	NO2(ppm)	N2O(ppm)	T(°C)	P()	Comments
24.12.2021 15:55:55	0	20.5	0.000	0.006	0.000	0.579	0	0	0	0	25.5	747.9	
24.12.2021 15:58:51	176	20.4	0.003	0.000	0.000	0.592	0	0	0	0	25.8	748.3	
24.12.2021 15:58:54	179	20.5	0.003	0.006	0.000	0.617	0	0	0	0	25.9	748.8	
24.12.2021 15:58:57	182	20.9	0.003	0.006	0.000	0.617	0	0	0	0	25.7	748.1	
24.12.2021 15:59:00	185	20.9	0.003	0.006	0.000	0.617	0	0	0	0	25.7	748.1	
24.12.2021 15:59:04	189	21.0	0.000	0.006	0.000	0.579	0	0	0	0	25.7	748.2	
24.12.2021 15:59:08	193	21.0	0.000	0.006	0.000	0.554	0	0	0	0	25.7	748.5	
24.12.2021 15:59:11	196	21.0	0.003	0.000	0.000	0.554	0	0	0	0	25.8	747.8	
24.12.2021 15:59:15	200	21.0	0.009	0.006	0.000	0.554	0	0	0	0	25.6	748.2	
24.12.2021 15:59:19	204	21.0	0.009	0.006	0.000	0.567	0	0	0	0	25.5	748.1	
24.12.2021 15:59:23	208	20.9	0.014	0.006	0.010	0.567	0	0	0	0	25.8	748.3	
24.12.2021 15:59:27	212	21.0	0.012	0.006	0.010	0.567	0	0	0	0	25.6	748.0	
24.12.2021 15:59:31	216	20.9	0.018	0.006	0.010	0.554	0	0	0	0	25.8	748.3	
24.12.2021 15:59:34	219	19.5	0.136	0.039	0.090	0.541	0	0	0	0	25.5	748.1	
24.12.2021 15:59:38	223	17.6	0.337	0.039	0.090	0.503	11	0	0	0	25.6	748.1	
24.12.2021 15:59:41	226	17.6	0.337	0.039	0.090	0.503	11	5	0	0	25.6	748.1	
24.12.2021 15:59:44	229	17.6	0.337	0.039	0.090	0.503	11	5	0	0	25.6	748.1	
24.12.2021 15:59:47	232	11.1	1.074	0.589	1.089	0.086	170	22	0	0	25.5	748.2	
24.12.2021 15:59:51	236	7.5	1.356	2.669	2.497	0.000	305	39	1	0	25.5	748.3	
24.12.2021 15:59:54	239	6.4	1.458	2.669	4.505	0.000	429	39	1	0	25.4	748.0	
24.12.2021 15:59:57	242	5.8	1.371	3.661	6.472	0.000	429	52	1	0	25.4	748.3	
24.12.2021 16:00:00	245	6.2	1.194	3.963	8.020	0.000	484	60	0	0	25.6	747.9	
24.12.2021 16:00:03	248	7.0	1.066	3.715	8.999	0.000	456	61	0	0	25.4	748.1	
24.12.2021 16:00:07	252	8.6	0.870	3.003	9.319	0.000	375	56	0	0	25.5	748.2	
24.12.2021 16:00:11	256	9.6	0.789	2.184	9.319	0.048	277	51	0	0	25.4	748.6	
24.12.2021 16:00:14	259	9.6	0.789	2.184	9.319	0.048	277	51	0	0	25.4	748.6	
24.12.2021 16:00:17	262	11.9	0.521	1.462	8.500	0.326	191	44	0	0	25.8	748.2	
24.12.2021 16:00:20	265	12.4	0.470	0.923	7.771	0.326	123	38	0	0	25.8	748.3	
24.12.2021 16:00:23	268	13.1	0.395	0.567	7.101	0.415	78	34	0	0	25.7	748.0	
24.12.2021 16:00:26	271	13.2	0.368	0.567	7.101	0.478	78	34	0	0	25.9	748.1	
24.12.2021 16:00:29	274	13.2	0.368	0.567	7.101	0.478	78	31	0	0	25.9	748.1	
24.12.2021 16:00:32	277	13.8	0.221	0.233	6.173	0.541	28	28	0	0	25.5	748.2	
24.12.2021 16:00:35	280	13.8	0.202	0.157	5.923	0.541	16	28	0	0	25.6	748.3	
24.12.2021 16:00:38	283	13.9	0.178	0.157	5.923	0.567	10	25	0	0	25.6	748.1	
24.12.2021 16:00:41	286	13.9	0.151	0.114	5.773	0.567	6	24	0	0	25.5	748.3	
24.12.2021 16:00:44	289	14.0	0.138	0.093	5.693	0.567	6	24	0	0	25.5	748.1	
24.12.2021 16:00:48	293	13.9	0.104	0.082	5.663	0.592	5	23	0	0	25.7	748.3	
24.12.2021 16:00:51	296	13.9	0.093	0.071	5.653	0.604	5	22	0	0	25.6	748.2	
24.12.2021 16:00:55	300	13.9	0.090	0.071	5.653	0.630	4	22	0	0	25.6	748.3	
24.12.2021 16:00:59	304	13.9	0.088	0.071	5.683	0.630	5	21	0	0	25.4	748.7	
24.12.2021 16:01:02	307	14.0	0.080	0.071	5.683	0.604	5	21	0	0	25.4	748.6	
24.12.2021 16:01:06	311	14.0	0.045	0.071	5.673	0.604	3	20	0	0	25.4	748.1	
24.12.2021 16:01:10	315	14.1	0.035	0.071	5.643	0.604	3	20	0	0	25.7	748.2	
24.12.2021 16:01:13	318	14.0	0.030	0.071	5.613	0.592	0	20	0	0	25.5	748.0	
24.12.2021 16:01:16	321	14.0	0.029	0.071	5.613	0.592	0	20	0	0	25.4	748.1	
24.12.2021 16:01:19	324	13.9	0.029	0.071	5.603	0.604	0	20	0	0	25.5	748.1	
24.12.2021 16:01:23	328	13.9	0.029	0.071	5.653	0.617	0	20	0	0	25.3	748.0	
24.12.2021 16:01:26	331	13.9	0.029	0.071	5.653	0.604	0	20	0	0	25.3	748.3	
24.12.2021 16:01:30	335	13.9	0.029	0.071	5.693	0.630	0	19	0	0	25.5	748.2	
24.12.2021 16:01:33	338	14.2	0.029	0.071	5.703	0.655	0	19	0	0	25.1	747.9	
24.12.2021 16:01:36	341	14.6	0.029	0.060	5.643	0.655	0	19	0	0	25.3	747.9	
24.12.2021 16:01:40	345	15.5	0.029	0.060	5.443	0.680	0	17	0	0	25.3	747.9	
24.12.2021 16:01:43	348	16.8	0.029	0.060	5.443	0.680	0	17	0	0	25.4	748.1	
24.12.2021 16:01:46	351	17.8	0.030	0.050	4.924	0.680	0	15	0	0	25.5	748.2	
24.12.2021 16:01:49	354	18.7	0.030	0.050	4.135	0.680	0	12	0	0	25.3	748.2	
24.12.2021 16:01:53	358	19.2	0.031	0.039	3.186	0.668	0	9	0	0	25.5	748.0	
24.12.2021 16:01:56	361	19.9	0.031	0.039	2.287	0.680	0	6	0	0	25.3	748.4	
24.12.2021 16:01:59	364	20.1	0.032	0.028	1.558	0.680	0	6	0	0	25.3	748.4	
24.12.2021 16:02:02	367	20.2	0.032	0.028	1.558	0.680	0	6	0	0	25.4	748.3	
24.12.2021 16:02:06	371	20.6	0.033	0.017	1.039	0.655	0	4	0	0	25.5	748.1	
24.12.2021 16:02:09	374	20.6	0.033	0.017	0.699	0.655	0	3	0	0	25.6	747.8	
24.12.2021 16:02:13	378	20.6	0.033	0.017	0.699	0.655	0	3	0	0	25.6	747.8	
24.12.2021 16:02:17	382	20.3	0.028	0.006	0.360	0.567	0	2	0	0	25.5	748.4	
24.12.2021 16:02:20	385	19.8	0.033	0.006	0.360	0.541	0	2	0	0	25.5	748.3	
24.12.2021 16:02:21	386	19.5	0.034	0.006	0.360	0.541	0	2	0	0	25.5	748.1	
24.12.2021 16:02:23	388	18.8	0.034	0.006	0.529	0.541	0	2	0	0	25.5	748.2	
24.12.2021 16:02:25	390	18.1	0.034	0.006	0.529	0.541	0	4	0	0	25.6	748.1	
24.12.2021 16:02:26	391	17.8	0.033	0.017	0.529	0.541	0	4	0	0	25.7	748.3	
24.12.2021 16:02:28	393	17.4	0.033	0.017	0.939	0.541	0	6	0	0	25.5	748.1	
24.12.2021 16:02:29	394	17.0	0.038	0.017	0.939	0.541	1	6	0	0	25.5	748.2	
24.12.2021 16:02:31	396	17.0	0.038	0.017	0.939	0.541	1	6	0	0	25.5	748.2	
24.12.2021 16:02:32	397	17.0	0.038	0.017	0.939	0.541	1	6	0	0	25.5	748.2	
24.12.2021 16:02:34	399	15.4	0.026	0.028	1.688	0.541	1	9	0	0	25.6	748.3	
24.12.2021 16:02:35	400	15.2	0.028	0.028	2.697	0.541	1	9	0	0	25.5	748.3	
24.12.2021 16:02:36	401	14.9	0.030	0.028	2.697	0.567	1	11	0	0	25.5	748.6	
24.12.2021 16:02:38	403	14.9	0.030	0.028	2.697	0.567	1	11	0	0	25.5	748.6	
24.12.2021 16:02:39	404	14.9	0.030	0.028	2.697	0.567	1	11	0	0	25.5	748.6	
24.12.2021 16:02:40	405	14.2	0.031	0.039	3.735	0.567	0	11	0	0	25.3	747.9	
24.12.2021 16:02:41	406	14.0	0.031	0.039	3.735	0.567	0	14	0	0	25.7	747.9	
24.12.2021 16:02:43	408	13.8	0.019	0.050	4.614	0.567	0	14	0	0	25.7	748.3	
24.12.2021 16:02:44	409	13.7	0.017	0.050	4.614	0.579	0	15	0	0	25.8	748.2	
24.12.2021 16:02:46	411	13.6	0.017	0.060	4.614	0.579	0	15	0	0	25.6	748.4	
24.12.2021 16:02:48	413	13.5	0.022	0.060	5.254	0.592	0	17	0	0	25.6	748.1	
24.12.2021 16:02:50	415	13.4	0.023	0.060	5.254	0.592	0	17	0	0	25.6	748.3	
24.12.2021 16:02:51	416	13.4	0.021	0.060	5.673	0.592	0	17	0	0	25.7	748.3	
24.12.2021 16:02:53	418	13.4	0.021	0.060	5.673	0.592	0	17	0	0	25.7	748.3	
24.12.2021 16:02:54	419	13.3	0.023	0.060	5.673	0.579	0	17	0	0	25.5	748.1	
24.12.2021 16:02:55	420	13.2	0.020	0.060	5.933	0.579	0	17	0	0	25.7	748.0	
24.12.2021 16:02:56	421	13.2	0.025	0.060	5.933	0.579	0	17	0	0	25.5	747.9	
24.12.2021 16:02:58	423	13.1	0.025	0.060	5.933	0.579	0	17	0	0	25.4	747.8	
24.12.2021 16:02:59	424	13.1	0.022	0.060	6.103	0.579	0	17	0	0	25.5	748.0	
24.12.2021 16:03:01	426	13.0	0.022	0.060	6.103	0.554	0	17	0	0	25.5	748.1	
24.12.2021 16:03:02	427	13.0	0.026	0.060	6.103	0.554	0	17	0	0	25.6	748.1	
24.12.2021 16:03:03	428	13.0	0.027	0.060	6.222	0.554	0	18	0	0	25.3	747.8	
24.12.2021 16:03:05	430	13.0	0.021	0.060	6.222	0.529	0	18	0	0	25.5	748.2	
24.12.2021 16:03:06	431	12.9	0.025	0.071	6.222	0.529	0	18	0	0	25.3	748.1	
24.12.2021 16:03:07	432	12.9	0.026	0.071	6.312	0.529	0	18	0	0	25.7	748.2	
24.12.2021 16:03:08	433	12.9	0.027	0.071	6.312	0.516	0	18	0	0	25.5	748.3	
24.12.2021 16:03:09	434	12.9	0.029	0.071	6.312	0.516	0	18	0	0	25.5	748.3	
24.12.2021 16:03:10	435	12.9	0.029	0.071	6.312	0.516	0	18	0	0	25.5	748.3	
24.12.2021 16:03:11	436	12.9	0.029	0.071	6.392	0.541	0	18	0	0	25.5	748.0	
24.12.2021 16:03:12	437	12.9	0.029	0.071	6.392	0.541	0	18	0	0	25.4	748.1	
24.12.2021 16:03:14	439	12.9	0.029	0.071	6.392	0.541	0	18	0	0	25.4	748.2	
24.12.2021 16:03:15	440	12.9	0.029	0.071	6.392	0.541	0	18	0	0	25.4	748.2	
24.12.2021 16:03:17	442	12.9	0.029	0.071	6.442	0.529	0	18	0	0	25.3	748.4	
24.12.2021 16:03:18	443	12.8	0.029	0.071	6.442	0.529	0	18	0	0	25.5	748.4	
24.12.2021 16:03:19	444	12.8	0.029	0.071	6.462	0.541	0	18	0	0	25.6	748.2	
24.12.2021 16:03:21	446	12.8	0.029	0.071	6.462	0.541	1	18	0	0	25.3	748.2	
24.12.2021 16:03:22	447	12.8	0.024	0.071	6.462	0.541	1	18	0	0	25.5	748.5	
24.12.2021 16:03:24	449	12.8	0.027	0.071	6.492	0.529	1	18	0	0	25.3	748.2	
24.12.2021 16:03:25	450	12.8	0.027	0.071	6.492	0.529	1	18	0	0	25.3	748.2	
24.12.2021 16:03:27	452	12.8	0.026	0.071	6.502	0.516	3	19	0	0	25.5	748.3	
24.12.2021 16:03:28	453	12.8	0.021	0.071	6.502	0.516	4	19	0	0	25.4	748.1	
24.12.2021 16:03:29	454	12.8	0.021	0.071	6.502	0.516	4	19	0	0	25.4	748.1	
24.12.2021 16:03:30	455	12.8	0.021	0.071	6.502	0.516	4	18	0	0	25.4	748.1	
24.12.2021 16:03:31	456	12.8	0.022	0.071	6.512	0.516	4	18	0	0	25.3	748.5	
24.12.2021 16:03:32	457	12.8	0.019	0.071	6.512	0.516	4	18	0	0	25.4	748.3	
24.12.2021 16:03:33	458	12.8	0.015	0.071	6.512	0.516	4	18	0	0	25.4	748.3	
24.12.2021 16:03:34	459	12.8	0.022	0.071	6.522	0.516	4	18	0	0	25.4	748.1	
24.12.2021 16:03:36	461	12.8	0.022	0.071	6.522	0.516	4	18	0	0	25.4	748.1	
24.12.2021 16:03:37	462	12.8	0.034	0.071	6.522	0.529	4	18	0	0	25.5	748.5	
24.12.2021 16:03:38	463	12.8	0.026	0.071	6.522	0.529	4	18	0	0	25.5	748.2	
24.12.2021 16:03:40	465	12.8	0.026	0.071	6.522	0.529	4	18	0	0	25.5	748.2	
24.12.2021 16:03:41	466	12.8	0.022	0.071	6.512	0.541	4	18	0	0	25.3	748.5	
24.12.2021 16:03:43	468	12.8	0.018	0.071	6.522	0.554	4	17	0	0	25.6	748.2	
24.12.2021 16:03:45	470	12.8	0.019	0.071	6.522	0.554	4	18	0	0	25.6	747.8	
24.12.2021 16:03:47	472	12.8	0.018	0.071	6.522	0.554	4	18	0	0	25.6	747.8	
24.12.2021 16:03:48	473	12.9	0.018	0.071	6.522	0.554	4	18	0	0	25.5	747.9	
24.12.2021 16:03:50	475	12.9	0.015	0.071	6.522	0.554	3	18	0	0	25.6	748.3	
24.12.2021 16:03:52	477	13.4	0.008	0.071	6.502	0.541	1	18	0	0	25.7	748.2	
24.12.2021 16:03:54	479	13.7	0.010	0.071	6.502	0.541	1	18	0	0	25.6	748.3	
24.12.2021 16:03:55	480	14.0	0.009	0.071	6.372	0.541	1	18	0	0	25.7	748.2	
24.12.2021 16:03:56	481	14.3	0.011	0.071	6.372	0.554	1	18	0	0	25.7	748.3	
24.12.2021 16:03:57	482	14.7	0.006	0.071	6.372	0.554	2	17	0	0	25.9	748.3	
24.12.2021 16:03:58	483	15.1	0.000	0.060	6.372	0.554	2	17	0	0	25.8	748.3	
24.12.2021 16:03:59	484	15.5	0.006	0.060	5.953	0.554	2	17	0	0	25.6	748.3	
24.12.2021 16:04:01	486	16.4	0.007	0.060	5.953	0.554	2	15	0	0	25.7	748.7	
24.12.2021 16:04:02	487	16.7	0.011	0.060	5.953	0.554	2	15	0	0	25.6	748.3	
24.12.2021 16:04:03	488	17.1	0.006	0.060	5.194	0.567	2	15	0	0	25.9	748.3	
24.12.2021 16:04:05	490	17.1	0.006	0.060	5.194	0.567	2	12	0	0	25.9	748.3	
24.12.2021 16:04:06	491	17.1	0.006	0.060	5.194	0.567	2	12	0	0	25.9	748.3	
24.12.2021 16:04:08	493	18.6	0.000	0.050	4.185	0.579	4	8	0	0	25.8	748.3	
24.12.2021 16:04:09	494	18.6	0.000	0.050	4.185	0.579	4	8	0	0	25.8	748.3	
24.12.2021 16:04:10	495	18.6	0.000	0.050	4.185	0.579	4	8	0	0	25.8	748.3	
24.12.2021 16:04:12	497	19.2	0.009	0.039	3.096	0.579	4	8	0	0	25.8	748.3	
24.12.2021 16:04:14	499	19.2	0.009	0.039	3.096	0.579	4	6	0	0	25.8	748.3	
24.12.2021 16:04:16	501	19.8	0.009	0.028	2.157	0.579	3	6	0	0	25.8	748.6	
24.12.2021 16:04:17	502	20.1	0.015	0.028	2.157	0.579	5	4	0	0	25.6	748.7	
24.12.2021 16:04:19	504	20.2	0.009	0.028	1.448	0.579	5	4	0	0	25.6	748.6	
24.12.2021 16:04:20	505	20.3	0.015	0.028	1.448	0.567	5	4	0	0	25.5	748.6	
24.12.2021 16:04:21	506	20.3	0.015	0.028	1.448	0.567	5	3	0	0	25.5	748.6	
24.12.2021 16:04:22	507	20.3	0.015	0.028	1.448	0.567	5	3	0	0	25.5	748.6	
24.12.2021 16:04:24	509	20.5	0.011	0.017	0.959	0.592	6	3	0	0	25.5	748.6	
24.12.2021 16:04:26	511	20.5	0.011	0.017	0.959	0.592	7	2	0	0	25.5	748.4	
24.12.2021 16:04:28	513	20.6	0.012	0.017	0.649	0.604	9	2	0	0	25.6	748.6	
24.12.2021 16:04:29	514	20.6	0.012	0.017	0.649	0.604	9	2	0	0	25.6	748.6	
24.12.2021 16:04:30	515	20.6	0.012	0.017	0.649	0.604	9	2	0	0	25.6	748.6	
24.12.2021 16:04:31	516	20.6	0.017	0.006	0.459	0.604	9	2	0	0	25.6	748.6	
24.12.2021 16:04:32	517	20.5	0.006	0.006	0.459	0.604	7	2	0	0	25.8	748.2	
24.12.2021 16:04:33	518	20.4	0.018	0.006	0.459	0.604	7	1	0	0	25.6	748.3	
24.12.2021 16:04:34	519	20.3	0.012	0.006	0.380	0.604	7	1	0	0	25.7	748.3	
24.12.2021 16:04:36	521	20.3	0.012	0.006	0.380	0.604	7	1	0	0	25.7	748.3	
24.12.2021 16:04:38	523	19.6	0.011	0.006	0.380	0.617	7	1	0	0	25.8	748.7	
24.12.2021 16:04:39	524	19.6	0.011	0.006	0.380	0.617	7	1	0	0	25.8	748.7	
24.12.2021 16:04:40	525	19.6	0.011	0.006	0.380	0.617	7	1	0	0	25.8	748.7	
24.12.2021 16:04:41	526	19.6	0.011	0.006	0.380	0.617	7	1	0	0	25.8	748.7	
24.12.2021 16:04:42	527	18.1	0.014	0.006	0.779	0.604	7	2	0	0	25.5	748.6	
24.12.2021 16:04:43	528	17.7	0.017	0.006	0.779	0.604	7	2	0	0	25.5	748.6	
24.12.2021 16:04:44	529	17.7	0.017	0.006	0.779	0.604	7	2	0	0	25.5	748.6	
24.12.2021 16:04:45	530	17.7	0.017	0.006	0.779	0.604	7	2	0	0	25.5	748.6	
24.12.2021 16:04:46	531	17.7	0.017	0.006	0.779	0.604	7	4	0	0	25.5	748.6	
24.12.2021 16:04:48	533	15.7	0.024	0.017	1.438	0.617	4	4	0	0	25.3	748.1	
24.12.2021 16:04:50	535	15.3	0.021	0.028	1.438	0.617	4	8	0	0	25.3	748.3	
24.12.2021 16:04:51	536	14.9	0.021	0.028	2.477	0.617	4	8	0	0	25.5	748.6	
24.12.2021 16:04:53	538	14.2	0.020	0.039	2.477	0.630	5	8	0	0	25.5	748.4	
24.12.2021 16:04:54	539	13.9	0.020	0.039	3.686	0.630	5	11	0	0	25.3	748.3	
24.12.2021 16:04:55	540	13.7	0.020	0.039	3.686	0.642	5	11	0	0	25.3	748.6	
24.12.2021 16:04:57	542	13.4	0.025	0.039	3.686	0.642	4	11	0	0	25.3	748.5	
24.12.2021 16:04:58	543	13.2	0.026	0.060	3.686	0.642	4	13	0	0	25.2	748.6	
24.12.2021 16:05:00	545	12.8	0.028	0.060	4.804	0.630	4	13	0	0	25.3	748.2	
24.12.2021 16:05:01	546	12.6	0.023	0.060	4.804	0.630	5	13	0	0	25.4	748.3	
24.12.2021 16:05:02	547	12.5	0.018	0.071	4.804	0.630	5	14	0	0	25.3	748.3	
24.12.2021 16:05:04	549	12.2	0.013	0.071	5.683	0.617	5	14	0	0	25.4	748.3	
24.12.2021 16:05:05	550	12.1	0.020	0.071	5.683	0.617	5	16	0	0	25.3	748.1	
24.12.2021 16:05:07	552	12.1	0.020	0.071	5.683	0.617	5	16	0	0	25.3	748.1	
24.12.2021 16:05:09	554	11.9	0.022	0.071	6.332	0.592	5	17	0	0	25.5	748.5	
24.12.2021 16:05:10	555	11.7	0.010	0.071	6.802	0.592	4	17	0	0	25.7	748.7	
24.12.2021 16:05:12	557	11.6	0.008	0.071	6.802	0.554	5	17	0	0	25.5	748.5	
24.12.2021 16:05:13	558	11.6	0.008	0.071	6.802	0.554	5	17	0	0	25.5	748.5	
24.12.2021 16:05:14	559	11.6	0.015	0.082	6.802	0.554	5	17	0	0	25.5	748.2	
24.12.2021 16:05:15	560	11.6	0.014	0.082	7.101	0.554	5	17	0	0	25.7	748.5	
24.12.2021 16:05:16	561	11.5	0.022	0.082	7.101	0.567	5	17	0	0	25.7	748.6	
24.12.2021 16:05:18	563	11.5	0.017	0.082	7.301	0.567	6	17	0	0	25.7	748.4	
24.12.2021 16:05:19	564	11.5	0.022	0.082	7.301	0.579	6	17	0	0	25.4	748.4	
24.12.2021 16:05:21	566	11.5	0.018	0.082	7.301	0.579	6	17	0	0	25.5	748.7	
24.12.2021 16:05:22	567	11.5	0.022	0.082	7.301	0.579	6	17	0	0	25.4	748.6	
24.12.2021 16:05:23	568	11.5	0.019	0.082	7.401	0.579	6	17	0	0	25.6	748.8	
24.12.2021 16:05:24	569	11.5	0.012	0.082	7.401	0.592	6	17	0	0	25.8	748.7	
24.12.2021 16:05:25	570	11.5	0.012	0.082	7.401	0.592	6	18	0	0	25.8	748.7	
24.12.2021 16:05:27	572	11.5	0.012	0.082	7.401	0.592	6	18	0	0	25.8	748.7	
24.12.2021 16:05:28	573	11.5	0.004	0.082	7.461	0.604	9	18	0	0	25.7	748.8	
24.12.2021 16:05:30	575	11.5	0.012	0.082	7.491	0.604	9	18	0	0	25.5	748.4	
24.12.2021 16:05:32	577	11.5	0.014	0.082	7.491	0.592	9	18	0	0	25.7	748.6	
24.12.2021 16:05:34	579	11.5	0.014	0.082	7.491	0.592	9	18	0	0	25.7	748.6	
24.12.2021 16:05:35	580	11.5	0.007	0.082	7.491	0.579	8	18	0	0	25.5	748.5	
24.12.2021 16:05:36	581	11.5	0.003	0.082	7.491	0.579	8	18	0	0	25.6	748.7	
24.12.2021 16:05:37	582	11.5	0.002	0.082	7.491	0.579	8	18	0	0	25.6	748.5	
24.12.2021 16:05:38	583	11.5	0.002	0.082	7.491	0.579	8	18	0	0	25.6	748.5	
24.12.2021 16:05:40	585	11.5	0.002	0.082	7.491	0.579	8	18	0	0	25.6	748.5	
24.12.2021 16:05:41	586	11.5	0.002	0.082	7.491	0.579	8	18	0	0	25.6	748.5	
24.12.2021 16:05:42	587	11.5	0.002	0.082	7.491	0.579	8	18	0	0	25.6	748.5	
24.12.2021 16:05:43	588	11.5	0.017	0.082	7.481	0.604	8	18	0	0	25.4	748.1	
24.12.2021 16:05:45	590	11.5	0.015	0.082	7.481	0.604	7	18	0	0	25.5	748.3	
24.12.2021 16:05:46	591	11.5	0.017	0.082	7.471	0.604	7	18	0	0	25.5	748.3	
24.12.2021 16:05:48	593	11.5	0.009	0.082	7.471	0.604	7	18	0	0	25.7	748.3	
24.12.2021 16:05:49	594	11.5	0.010	0.082	7.471	0.604	9	18	0	0	25.5	748.4	
24.12.2021 16:05:51	596	11.5	0.009	0.082	7.461	0.604	9	18	0	0	25.7	748.1	
24.12.2021 16:05:53	598	11.6	0.012	0.082	7.461	0.604	11	18	0	0	25.5	748.1	
24.12.2021 16:05:55	600	11.6	0.009	0.082	7.461	0.604	11	18	0	0	25.6	748.1	
24.12.2021 16:05:56	601	11.6	0.009	0.082	7.461	0.604	11	18	0	0	25.6	748.1	
24.12.2021 16:05:58	603	11.6	0.018	0.082	7.441	0.579	10	18	0	0	25.7	748.5	
24.12.2021 16:05:59	604	11.6	0.017	0.082	7.441	0.579	10	18	0	0	25.6	748.4	
24.12.2021 16:06:00	605	11.6	0.017	0.082	7.441	0.579	10	18	0	0	25.6	748.4	
24.12.2021 16:06:01	606	11.6	0.017	0.082	7.441	0.579	10	18	0	0	25.6	748.4	
24.12.2021 16:06:02	607	11.6	0.003	0.082	7.431	0.579	10	18	0	0	25.7	748.4	
24.12.2021 16:06:04	609	11.6	0.009	0.082	7.431	0.592	10	18	0	0	25.6	748.5	
24.12.2021 16:06:05	610	11.6	0.009	0.082	7.431	0.592	10	18	0	0	25.6	748.5	
24.12.2021 16:06:06	611	11.6	0.009	0.082	7.431	0.592	10	18	0	0	25.6	748.5	
24.12.2021 16:06:08	613	11.6	0.009	0.082	7.431	0.592	10	18	0	0	25.6	748.5	
24.12.2021 16:06:10	615	12.6	0.006	0.082	7.401	0.604	8	18	0	0	25.5	748.3	
24.12.2021 16:06:11	616	12.9	0.000	0.082	7.291	0.617	8	18	0	0	25.6	748.3	
24.12.2021 16:06:12	617	13.3	0.004	0.082	7.291	0.617	9	18	0	0	25.5	748.1	
24.12.2021 16:06:13	618	13.7	0.010	0.071	7.291	0.617	9	18	0	0	25.4	748.0	
24.12.2021 16:06:15	620	14.7	0.016	0.071	6.922	0.642	9	17	0	0	25.5	747.9	
24.12.2021 16:06:17	622	14.7	0.016	0.071	6.922	0.642	9	17	0	0	25.5	747.9	
24.12.2021 16:06:18	623	15.8	0.004	0.071	6.922	0.642	8	15	0	0	25.4	747.9	
24.12.2021 16:06:20	625	15.8	0.004	0.071	6.922	0.642	8	15	0	0	25.4	747.9	
24.12.2021 16:06:22	627	17.5	0.025	0.071	5.094	0.642	9	11	0	0	25.4	748.3	
24.12.2021 16:06:23	628	17.8	0.019	0.071	5.094	0.630	9	11	0	0	25.4	748.3	
24.12.2021 16:06:25	630	18.4	0.008	0.050	5.094	0.630	11	11	0	0	25.4	748.1	
24.12.2021 16:06:26	631	18.7	0.011	0.050	3.865	0.630	11	8	0	0	25.3	748.2	
24.12.2021 16:06:28	633	18.9	0.006	0.050	3.865	0.630	11	8	0	0	25.4	748.6	
24.12.2021 16:06:30	635	18.9	0.006	0.050	3.865	0.630	11	5	0	0	25.4	748.6	
24.12.2021 16:06:31	636	19.6	0.000	0.039	2.737	0.617	11	5	0	0	25.4	748.0	
24.12.2021 16:06:33	638	19.8	0.008	0.039	2.737	0.617	11	5	0	0	25.3	748.0	
24.12.2021 16:06:34	639	19.8	0.008	0.039	2.737	0.617	11	3	0	0	25.3	748.0	
24.12.2021 16:06:36	641	20.1	0.000	0.028	1.858	0.617	11	3	0	0	25.3	748.2	
24.12.2021 16:06:38	643	20.1	0.000	0.028	1.858	0.617	11	2	0	0	25.3	748.2	
24.12.2021 16:06:40	645	20.3	0.005	0.017	1.238	0.630	11	2	0	0	25.2	748.0	
24.12.2021 16:06:42	647	20.3	0.005	0.017	1.238	0.630	11	2	0	0	25.2	748.0	
24.12.2021 16:06:44	649	20.3	0.005	0.017	1.238	0.630	11	2	0	0	25.2	748.0	
24.12.2021 16:06:46	651	20.6	0.005	0.017	0.569	0.630	12	2	0	0	25.4	748.3	
24.12.2021 16:06:48	653	20.6	0.010	0.017	0.569	0.642	14	1	0	0	25.3	748.0	
24.12.2021 16:06:49	654	20.6	0.006	0.006	0.569	0.642	14	1	0	0	25.4	748.1	
24.12.2021 16:06:51	656	20.6	0.006	0.006	0.569	0.642	14	1	0	0	25.4	748.1	
24.12.2021 16:06:52	657	20.6	0.006	0.006	0.569	0.642	14	0	0	0	25.4	748.1	
24.12.2021 16:06:54	659	20.6	0.006	0.006	0.569	0.642	14	0	0	0	25.4	748.1	
24.12.2021 16:06:55	660	20.6	0.006	0.006	0.569	0.642	14	0	0	0	25.4	748.1	
24.12.2021 16:06:57	662	20.6	0.006	0.006	0.569	0.642	14	1	0	0	25.4	748.1	
24.12.2021 16:06:58	663	20.6	0.006	0.006	0.569	0.642	14	1	0	0	25.4	748.1	
24.12.2021 16:06:59	664	18.1	0.007	0.006	0.549	0.604	18	1	0	0	25.4	748.2	
24.12.2021 16:07:00	665	18.1	0.007	0.006	0.549	0.604	18	1	0	0	25.4	748.2	
24.12.2021 16:07:02	667	17.7	0.012	0.017	0.549	0.604	18	2	0	0	25.3	748.3	
24.12.2021 16:07:03	668	16.4	0.010	0.017	0.989	0.579	18	2	0	0	25.4	748.3	
24.12.2021 16:07:05	670	16.4	0.010	0.017	0.989	0.579	18	5	0	0	25.4	748.3	
24.12.2021 16:07:06	671	16.4	0.010	0.017	0.989	0.579	18	5	0	0	25.4	748.3	
24.12.2021 16:07:07	672	14.5	0.001	0.028	1.858	0.579	15	5	0	0	25.3	748.3	
24.12.2021 16:07:08	673	13.9	0.006	0.028	1.858	0.579	11	5	0	0	25.4	748.3	
24.12.2021 16:07:10	675	13.5	0.016	0.050	1.858	0.579	11	9	0	0	25.5	748.3	
24.12.2021 16:07:11	676	13.1	0.014	0.050	3.166	0.592	11	9	0	0	25.5	748.4	
24.12.2021 16:07:12	677	12.7	0.016	0.050	3.166	0.592	11	9	0	0	25.6	748.1	
24.12.2021 16:07:14	679	12.0	0.006	0.071	4.644	0.592	11	11	0	0	25.4	748.6	
24.12.2021 16:07:15	680	11.7	0.008	0.071	4.644	0.604	11	11	0	0	25.6	748.3	
24.12.2021 16:07:17	682	11.4	0.009	0.071	4.644	0.604	11	13	0	0	25.6	748.8	
24.12.2021 16:07:18	683	11.4	0.009	0.071	4.644	0.604	11	13	0	0	25.6	748.8	
24.12.2021 16:07:19	684	10.9	0.018	0.082	5.963	0.630	11	13	0	0	25.5	748.7	
24.12.2021 16:07:21	686	10.6	0.023	0.114	5.963	0.630	12	14	0	0	25.4	748.3	
24.12.2021 16:07:22	687	10.4	0.024	0.114	6.992	0.630	12	14	0	0	25.5	748.3	
24.12.2021 16:07:23	688	10.4	0.024	0.114	6.992	0.630	12	14	0	0	25.5	748.3	
24.12.2021 16:07:24	689	10.2	0.025	0.114	6.992	0.604	15	16	0	0	25.2	748.1	
24.12.2021 16:07:26	691	10.1	0.023	0.136	7.711	0.604	15	16	0	0	25.4	748.3	
24.12.2021 16:07:27	692	10.0	0.023	0.136	7.711	0.592	15	16	0	0	25.4	748.5	
24.12.2021 16:07:28	693	10.0	0.023	0.136	7.711	0.592	16	16	0	0	25.6	748.4	
24.12.2021 16:07:30	695	9.9	0.022	0.147	7.711	0.592	16	16	0	0	25.4	748.2	
24.12.2021 16:07:32	697	9.8	0.021	0.157	8.160	0.579	17	17	0	0	25.5	748.1	
24.12.2021 16:07:34	699	9.8	0.021	0.157	8.430	0.579	17	17	0	0	25.6	748.1	
24.12.2021 16:07:36	701	9.8	0.021	0.157	8.430	0.579	17	16	0	0	25.5	748.1	
24.12.2021 16:07:38	703	9.8	0.026	0.168	8.570	0.579	17	16	0	0	25.3	748.2	
24.12.2021 16:07:39	704	9.8	0.026	0.168	8.570	0.579	17	17	0	0	25.3	748.2	
24.12.2021 16:07:40	705	9.8	0.022	0.168	8.570	0.579	18	17	0	0	25.3	748.6	
24.12.2021 16:07:42	707	9.8	0.022	0.168	8.570	0.579	18	17	0	0	25.3	748.6	
24.12.2021 16:07:43	708	9.8	0.022	0.168	8.570	0.579	18	17	0	0	25.3	748.6	
24.12.2021 16:07:45	710	9.8	0.022	0.168	8.570	0.579	18	17	0	0	25.3	748.6	
24.12.2021 16:07:46	711	9.8	0.021	0.168	8.689	0.592	18	17	0	0	25.5	748.4	
24.12.2021 16:07:48	713	9.8	0.021	0.168	8.689	0.604	18	16	0	0	25.5	748.3	
24.12.2021 16:07:50	715	9.8	0.021	0.168	8.689	0.604	18	16	0	0	25.5	748.3	
24.12.2021 16:07:51	716	9.8	0.021	0.168	8.699	0.604	18	16	0	0	25.4	748.1	
24.12.2021 16:07:53	718	9.8	0.021	0.168	8.699	0.604	17	17	0	0	25.5	748.2	
24.12.2021 16:07:54	719	9.8	0.021	0.168	8.699	0.604	17	17	0	0	25.5	748.2	
24.12.2021 16:07:56	721	9.8	0.021	0.168	8.699	0.604	17	17	0	0	25.5	748.2	
24.12.2021 16:07:57	722	9.8	0.021	0.168	8.699	0.604	17	17	0	0	25.4	748.3	
24.12.2021 16:07:59	724	9.8	0.021	0.168	8.699	0.604	17	17	0	0	25.4	748.5	
24.12.2021 16:08:01	726	9.8	0.021	0.168	8.699	0.617	20	17	0	0	25.5	748.4	
24.12.2021 16:08:02	727	9.8	0.021	0.168	8.699	0.617	20	17	0	0	25.5	748.4	
24.12.2021 16:08:04	729	9.8	0.021	0.168	8.699	0.617	20	17	0	0	25.5	748.4	
24.12.2021 16:08:06	731	9.7	0.021	0.157	8.709	0.630	19	17	0	0	25.3	748.2	
24.12.2021 16:08:08	733	9.7	0.021	0.157	8.709	0.630	19	17	0	0	25.3	748.2	
24.12.2021 16:08:09	734	9.7	0.021	0.157	8.709	0.630	19	17	0	0	25.3	748.2	
24.12.2021 16:08:11	736	9.7	0.021	0.157	8.709	0.630	19	17	0	0	25.3	748.2	
24.12.2021 16:08:12	737	9.6	0.021	0.157	8.719	0.642	20	17	0	0	25.3	748.4	
24.12.2021 16:08:14	739	9.6	0.021	0.157	8.719	0.642	20	17	0	0	25.3	748.4	
24.12.2021 16:08:16	741	9.6	0.021	0.157	8.719	0.642	20	17	0	0	25.3	748.4	
24.12.2021 16:08:18	743	9.6	0.021	0.157	8.779	0.630	17	17	0	0	25.4	748.0	
24.12.2021 16:08:20	745	9.6	0.021	0.157	8.779	0.630	17	17	0	0	25.5	748.2	
24.12.2021 16:08:21	746	9.6	0.021	0.157	8.779	0.630	16	17	0	0	25.5	748.1	
24.12.2021 16:08:23	748	9.7	0.021	0.157	8.809	0.642	16	17	0	0	25.5	748.2	
24.12.2021 16:08:24	749	9.7	0.021	0.157	8.809	0.642	16	17	0	0	25.5	748.2	
24.12.2021 16:08:26	751	10.3	0.021	0.157	8.779	0.642	15	17	0	0	25.4	748.2	
24.12.2021 16:08:27	752	10.6	0.021	0.157	8.779	0.655	15	17	0	0	25.4	748.5	
24.12.2021 16:08:29	754	11.1	0.021	0.157	8.779	0.655	13	17	0	0	25.4	748.6	
24.12.2021 16:08:31	756	11.1	0.021	0.157	8.779	0.655	13	16	0	0	25.4	748.6	
24.12.2021 16:08:33	758	13.7	0.022	0.147	7.831	0.655	14	16	0	0	25.4	748.3	
24.12.2021 16:08:35	760	13.7	0.022	0.147	7.831	0.655	14	16	0	0	25.4	748.3	
24.12.2021 16:08:37	762	15.7	0.024	0.125	7.831	0.655	14	14	0	0	25.5	748.0	
24.12.2021 16:08:38	763	15.7	0.024	0.125	7.831	0.655	14	14	0	0	25.5	748.0	
24.12.2021 16:08:40	765	15.7	0.024	0.125	7.831	0.655	14	10	0	0	25.5	748.0	
24.12.2021 16:08:42	767	17.8	0.027	0.093	5.264	0.630	15	10	0	0	25.3	748.4	
24.12.2021 16:08:43	768	18.1	0.027	0.093	5.264	0.630	16	7	0	0	25.3	748.6	
24.12.2021 16:08:44	769	18.1	0.027	0.093	5.264	0.630	16	7	0	0	25.3	748.6	
24.12.2021 16:08:45	770	18.1	0.027	0.093	5.264	0.630	16	7	0	0	25.3	748.6	
24.12.2021 16:08:46	771	18.8	0.029	0.071	3.815	0.630	16	7	0	0	25.4	748.3	
24.12.2021 16:08:48	773	18.8	0.029	0.071	3.815	0.630	16	7	0	0	25.4	748.3	
24.12.2021 16:08:50	775	18.8	0.029	0.071	3.815	0.630	16	5	0	0	25.4	748.3	
24.12.2021 16:08:52	777	19.7	0.022	0.060	2.627	0.642	20	5	0	0	25.7	748.2	
24.12.2021 16:08:53	778	19.8	0.021	0.039	2.627	0.642	20	3	0	0	25.5	748.5	
24.12.2021 16:08:54	779	19.9	0.020	0.039	1.758	0.642	20	3	0	0	25.5	748.2	
24.12.2021 16:08:55	780	20.0	0.020	0.039	1.758	0.655	20	3	0	0	25.4	748.1	
24.12.2021 16:08:56	781	20.0	0.020	0.039	1.758	0.655	20	1	0	0	25.4	748.1	
24.12.2021 16:08:58	783	20.2	0.027	0.028	1.189	0.655	21	1	0	0	25.6	748.2	
24.12.2021 16:08:59	784	20.3	0.030	0.028	1.189	0.668	21	1	0	0	25.5	748.3	
24.12.2021 16:09:00	785	20.3	0.025	0.028	1.189	0.668	21	1	0	0	25.6	748.5	
24.12.2021 16:09:02	787	20.4	0.022	0.017	1.189	0.668	21	1	0	0	25.6	748.4	
24.12.2021 16:09:04	789	20.4	0.022	0.017	1.189	0.668	21	1	0	0	25.6	748.4	
24.12.2021 16:09:05	790	20.5	0.018	0.017	0.819	0.680	20	1	0	0	25.5	748.2	
24.12.2021 16:09:07	792	20.5	0.018	0.017	0.819	0.680	20	1	0	0	25.5	748.2	
24.12.2021 16:09:08	793	20.5	0.018	0.017	0.819	0.680	20	1	0	0	25.5	748.2	
24.12.2021 16:09:10	795	20.5	0.018	0.017	0.819	0.680	20	0	0	0	25.5	748.2	
24.12.2021 16:09:11	796	20.3	0.010	0.017	0.449	0.655	21	0	0	0	25.8	748.3	
24.12.2021 16:09:13	798	19.8	0.017	0.006	0.449	0.655	19	0	0	0	25.6	748.2	
24.12.2021 16:09:15	800	19.5	0.012	0.006	0.459	0.655	19	0	0	0	25.6	748.1	
24.12.2021 16:09:17	802	18.4	0.004	0.017	0.459	0.642	20	0	0	0	25.7	748.2	
24.12.2021 16:09:19	804	18.4	0.004	0.017	0.459	0.642	20	1	0	0	25.7	748.2	
24.12.2021 16:09:21	806	16.3	0.016	0.028	0.729	0.630	20	1	0	0	25.7	748.3	
24.12.2021 16:09:23	808	15.5	0.025	0.028	1.388	0.630	20	3	0	0	25.7	748.6	
24.12.2021 16:09:25	810	15.5	0.025	0.028	1.388	0.630	20	3	0	0	25.7	748.6	
24.12.2021 16:09:27	812	12.3	0.029	0.060	2.597	0.642	23	6	0	0	25.6	748.0	
24.12.2021 16:09:28	813	12.3	0.029	0.060	2.597	0.642	23	6	0	0	25.6	748.0	
24.12.2021 16:09:29	814	12.3	0.029	0.060	2.597	0.642	23	6	0	0	25.6	748.0	
24.12.2021 16:09:31	816	10.4	0.042	0.114	4.285	0.630	23	8	1	0	25.4	748.0	
24.12.2021 16:09:33	818	10.4	0.042	0.114	4.285	0.630	23	8	1	0	25.4	748.0	
24.12.2021 16:09:35	820	10.4	0.042	0.114	4.285	0.630	23	8	1	0	25.4	748.0	
24.12.2021 16:09:36	821	10.4	0.042	0.114	4.285	0.630	23	10	1	0	25.4	748.0	
24.12.2021 16:09:38	823	8.6	0.069	0.287	7.461	0.642	25	10	1	0	25.4	748.3	
24.12.2021 16:09:39	824	8.4	0.070	0.287	7.461	0.642	27	10	1	0	25.5	748.3	
24.12.2021 16:09:41	826	8.4	0.070	0.287	7.461	0.642	27	11	1	0	25.5	748.3	
24.12.2021 16:09:42	827	8.1	0.065	0.362	8.530	0.642	27	11	1	0	25.4	748.1	
24.12.2021 16:09:44	829	8.0	0.065	0.362	8.530	0.655	27	11	1	0	25.5	748.3	
24.12.2021 16:09:46	831	8.0	0.065	0.362	8.530	0.655	27	12	1	0	25.5	748.3	
24.12.2021 16:09:47	832	8.0	0.065	0.362	8.530	0.655	27	12	1	0	25.5	748.3	
24.12.2021 16:09:49	834	7.6	0.060	0.427	9.229	0.668	27	12	1	0	25.4	748.2	
24.12.2021 16:09:51	836	7.5	0.060	0.427	9.668	0.668	27	12	1	0	25.3	748.2	
24.12.2021 16:09:52	837	7.5	0.059	0.438	9.668	0.706	28	12	1	0	25.4	748.3	
24.12.2021 16:09:53	838	7.5	0.059	0.438	9.668	0.706	28	12	1	0	25.4	748.3	
24.12.2021 16:09:55	840	7.4	0.059	0.438	9.928	0.718	28	13	1	0	25.5	748.2	
24.12.2021 16:09:57	842	7.4	0.059	0.438	9.928	0.718	28	13	1	0	25.5	748.2	
24.12.2021 16:09:58	843	7.4	0.059	0.438	9.928	0.718	28	12	1	0	25.5	748.2	
24.12.2021 16:09:59	844	7.4	0.059	0.438	9.928	0.718	28	12	1	0	25.5	748.2	
24.12.2021 16:10:01	846	7.3	0.065	0.448	10.098	0.731	29	12	1	0	25.5	748.5	
24.12.2021 16:10:02	847	7.3	0.068	0.448	10.198	0.731	29	13	1	0	25.5	748.4	
24.12.2021 16:10:04	849	7.3	0.072	0.459	10.198	0.769	28	13	1	0	25.4	748.5	
24.12.2021 16:10:05	850	7.3	0.072	0.459	10.198	0.769	28	13	1	0	25.4	748.5	
24.12.2021 16:10:06	851	7.3	0.072	0.459	10.198	0.769	28	13	1	0	25.4	748.5	
24.12.2021 16:10:08	853	7.5	0.067	0.459	10.238	0.782	26	13	1	0	25.4	748.4	
24.12.2021 16:10:11	856	7.6	0.064	0.459	10.228	0.769	26	13	1	0	25.4	748.3	
24.12.2021 16:10:13	858	7.7	0.060	0.448	10.228	0.769	23	13	1	0	25.5	748.0	
24.12.2021 16:10:14	859	7.7	0.059	0.448	10.188	0.769	23	13	1	0	25.5	747.9	
24.12.2021 16:10:16	861	7.7	0.059	0.448	10.188	0.769	23	13	1	0	25.5	747.9	
24.12.2021 16:10:18	863	7.7	0.059	0.438	10.188	0.769	22	13	1	0	25.4	748.2	
24.12.2021 16:10:20	865	7.7	0.059	0.438	10.188	0.769	22	13	1	0	25.4	748.2	
24.12.2021 16:10:21	866	7.6	0.060	0.416	10.128	0.756	23	13	1	0	25.6	748.1	
24.12.2021 16:10:23	868	7.6	0.060	0.416	10.128	0.756	23	13	1	0	25.6	748.1	
24.12.2021 16:10:24	869	7.6	0.060	0.416	10.088	0.769	24	13	1	0	25.6	748.3	
24.12.2021 16:10:25	870	7.5	0.060	0.416	10.088	0.769	24	13	1	0	25.6	748.6	
24.12.2021 16:10:26	871	7.5	0.060	0.416	10.088	0.769	24	13	1	0	25.6	748.6	
24.12.2021 16:10:27	872	7.5	0.060	0.416	10.088	0.769	24	13	1	0	25.6	748.6	
24.12.2021 16:10:29	874	7.4	0.068	0.416	10.088	0.819	26	13	1	0	25.5	748.5	
24.12.2021 16:10:30	875	7.4	0.068	0.416	10.088	0.819	26	13	1	0	25.5	748.5	
24.12.2021 16:10:32	877	7.3	0.065	0.416	10.128	0.857	26	14	1	0	25.6	748.4	
24.12.2021 16:10:33	878	7.3	0.061	0.438	10.128	0.857	26	14	1	0	25.4	748.5	
24.12.2021 16:10:34	879	7.3	0.061	0.438	10.128	0.857	26	14	1	0	25.4	748.5	
24.12.2021 16:10:35	880	7.3	0.075	0.438	10.178	0.845	26	14	1	0	25.7	748.7	
24.12.2021 16:10:36	881	7.3	0.081	0.438	10.178	0.845	26	13	2	0	25.5	748.1	
24.12.2021 16:10:37	882	7.3	0.081	0.438	10.178	0.845	26	13	2	0	25.5	748.1	
24.12.2021 16:10:38	883	7.3	0.080	0.448	10.178	0.845	26	13	2	0	25.6	748.2	
24.12.2021 16:10:39	884	7.3	0.080	0.448	10.178	0.845	26	13	2	0	25.6	748.2	
24.12.2021 16:10:41	886	7.3	0.080	0.448	10.178	0.845	26	13	2	0	25.6	748.2	
24.12.2021 16:10:42	887	7.3	0.080	0.448	10.178	0.845	26	13	2	0	25.6	748.2	
24.12.2021 16:10:43	888	7.5	0.074	0.459	10.278	0.819	24	13	2	0	25.4	748.3	
24.12.2021 16:10:44	889	7.5	0.074	0.459	10.278	0.819	24	13	2	0	25.4	748.3	
24.12.2021 16:10:46	891	8.3	0.064	0.459	10.228	0.819	23	13	2	0	25.4	748.1	
24.12.2021 16:10:48	893	9.2	0.059	0.459	10.228	0.782	21	13	2	0	25.5	748.4	
24.12.2021 16:10:49	894	9.2	0.059	0.459	10.228	0.782	21	13	2	0	25.5	748.4	
24.12.2021 16:10:51	896	10.8	0.060	0.438	9.868	0.782	21	13	2	0	25.8	748.8	
24.12.2021 16:10:52	897	11.5	0.059	0.438	9.868	0.819	18	13	2	0	25.6	748.7	
24.12.2021 16:10:53	898	12.3	0.063	0.384	9.868	0.819	18	12	1	0	25.7	748.5	
24.12.2021 16:10:55	900	13.0	0.063	0.384	8.989	0.819	18	12	1	0	25.8	748.6	
24.12.2021 16:10:56	901	14.7	0.063	0.384	8.989	0.845	17	12	1	0	25.8	748.5	
24.12.2021 16:10:58	903	14.7	0.063	0.384	8.989	0.845	17	10	1	0	25.8	748.5	
24.12.2021 16:11:00	905	14.7	0.063	0.384	8.989	0.845	17	10	1	0	25.8	748.5	
24.12.2021 16:11:01	906	16.7	0.035	0.308	7.561	0.845	15	10	1	0	25.8	748.3	
24.12.2021 16:11:03	908	17.6	0.034	0.233	5.843	0.870	15	8	0	0	25.7	748.4	
24.12.2021 16:11:04	909	17.6	0.034	0.233	5.843	0.870	15	8	0	0	25.7	748.4	
24.12.2021 16:11:06	911	18.7	0.024	0.157	4.185	0.870	14	5	0	0	25.4	748.6	
24.12.2021 16:11:07	912	18.7	0.024	0.157	4.185	0.870	14	5	0	0	25.4	748.6	
24.12.2021 16:11:08	913	18.7	0.024	0.157	4.185	0.870	14	5	0	0	25.4	748.6	
24.12.2021 16:11:10	915	18.7	0.024	0.157	4.185	0.870	14	3	0	0	25.4	748.6	
24.12.2021 16:11:12	917	19.5	0.026	0.103	2.857	0.883	13	3	0	0	25.6	748.1	
24.12.2021 16:11:13	918	19.8	0.029	0.071	2.857	0.883	13	3	0	0	25.5	748.3	
24.12.2021 16:11:15	920	19.9	0.029	0.071	1.908	0.883	13	2	0	0	25.7	748.3	
24.12.2021 16:11:16	921	19.9	0.029	0.071	1.908	0.883	13	2	0	0	25.7	748.3	
24.12.2021 16:11:18	923	20.2	0.030	0.050	1.278	0.908	13	1	0	0	25.7	748.3	
24.12.2021 16:11:20	925	20.2	0.030	0.050	1.278	0.908	13	1	0	0	25.7	748.3	
24.12.2021 16:11:21	926	20.2	0.030	0.050	1.278	0.908	13	1	0	0	25.7	748.3	
24.12.2021 16:11:22	927	20.4	0.031	0.039	0.869	0.933	13	1	0	0	25.5	748.1	
24.12.2021 16:11:23	928	20.4	0.031	0.039	0.869	0.971	13	1	0	0	25.3	748.3	
24.12.2021 16:11:24	929	20.4	0.031	0.039	0.869	0.971	13	1	0	0	25.5	748.1	
24.12.2021 16:11:25	930	20.4	0.031	0.039	0.869	0.971	13	1	0	0	25.5	748.1	
24.12.2021 16:11:27	932	20.4	0.031	0.039	0.869	0.971	13	1	0	0	25.5	748.1	
24.12.2021 16:11:29	934	20.4	0.038	0.028	0.619	0.971	15	1	0	0	25.6	748.1	
24.12.2021 16:11:30	935	20.3	0.037	0.017	0.619	0.971	15	1	0	0	25.6	748.0	
24.12.2021 16:11:32	937	19.7	0.034	0.017	0.499	0.933	15	0	0	0	25.5	748.3	
24.12.2021 16:11:33	938	19.3	0.034	0.017	0.499	0.933	15	0	0	0	25.4	748.1	
24.12.2021 16:11:35	940	18.3	0.031	0.017	0.549	0.921	15	1	0	0	25.5	748.1	
24.12.2021 16:11:36	941	17.7	0.032	0.017	0.549	0.921	15	1	0	0	25.4	748.3	
24.12.2021 16:11:37	942	17.7	0.032	0.017	0.549	0.921	15	1	0	0	25.4	748.3	
24.12.2021 16:11:39	944	16.3	0.032	0.028	0.909	0.921	15	2	0	0	25.5	748.0	
24.12.2021 16:11:40	945	15.7	0.032	0.028	0.909	0.921	15	2	0	0	25.4	747.9	
24.12.2021 16:11:41	946	15.0	0.029	0.060	0.909	0.921	15	2	0	0	25.4	748.1	
24.12.2021 16:11:42	947	14.1	0.059	0.060	1.748	0.921	15	4	1	0	25.5	748.0	
24.12.2021 16:11:44	949	13.4	0.071	0.060	1.748	0.933	15	4	1	0	25.4	747.9	
24.12.2021 16:11:46	951	13.4	0.071	0.060	1.748	0.933	15	4	1	0	25.4	747.9	
24.12.2021 16:11:47	952	13.4	0.071	0.060	1.748	0.933	15	6	1	0	25.4	747.9	
24.12.2021 16:11:48	953	13.4	0.071	0.060	1.748	0.933	15	6	1	0	25.4	747.9	
24.12.2021 16:11:49	954	13.4	0.071	0.060	1.748	0.933	15	6	1	0	25.4	747.9	
24.12.2021 16:11:51	956	8.5	0.174	0.298	5.154	0.971	18	7	2	0	25.7	748.2	
24.12.2021 16:11:52	957	8.5	0.174	0.298	5.154	0.971	18	7	2	0	25.7	748.2	
24.12.2021 16:11:54	959	7.4	0.208	0.524	7.041	0.971	22	7	2	0	25.5	748.6	
24.12.2021 16:11:56	961	7.4	0.208	0.524	7.041	0.971	22	8	2	0	25.5	748.6	
24.12.2021 16:11:57	962	6.6	0.221	0.783	7.041	0.959	24	8	2	0	25.4	748.8	
24.12.2021 16:11:58	963	6.4	0.246	0.783	8.590	0.959	24	8	2	0	25.4	748.3	
24.12.2021 16:12:00	965	6.4	0.246	0.783	8.590	0.959	24	8	2	0	25.4	748.3	
24.12.2021 16:12:01	966	6.4	0.246	0.783	8.590	0.959	24	8	2	0	25.4	748.3	
24.12.2021 16:12:03	968	5.4	0.293	1.031	9.728	0.933	27	8	2	0	25.5	748.4	
24.12.2021 16:12:04	969	5.4	0.293	1.031	9.728	0.933	27	8	2	0	25.5	748.4	
24.12.2021 16:12:05	970	5.4	0.293	1.031	9.728	0.933	27	9	3	0	25.5	748.4	
24.12.2021 16:12:06	971	5.2	0.292	1.203	10.477	0.933	31	9	3	0	25.7	748.1	
24.12.2021 16:12:07	972	5.2	0.292	1.203	10.477	0.933	31	9	3	0	25.7	748.1	
24.12.2021 16:12:09	974	5.0	0.339	1.322	10.477	0.933	36	10	3	0	25.6	748.1	
24.12.2021 16:12:10	975	5.0	0.343	1.322	10.937	0.933	36	10	3	0	25.6	748.0	
24.12.2021 16:12:12	977	5.0	0.343	1.322	10.937	0.933	36	10	3	0	25.6	748.0	
24.12.2021 16:12:14	979	5.0	0.343	1.322	10.937	0.933	36	10	3	0	25.6	748.0	
24.12.2021 16:12:16	981	5.0	0.343	1.322	10.937	0.933	36	10	3	0	25.6	748.0	
24.12.2021 16:12:18	983	5.0	0.343	1.322	10.937	0.933	36	10	3	0	25.6	748.0	
24.12.2021 16:12:19	984	5.0	0.343	1.322	10.937	0.933	36	10	3	0	25.6	748.0	
24.12.2021 16:12:21	986	4.6	0.392	1.451	11.396	0.870	43	10	3	0	25.5	748.1	
24.12.2021 16:12:22	987	4.5	0.411	1.494	11.506	0.832	43	10	3	0	25.5	747.9	
24.12.2021 16:12:24	989	4.4	0.420	1.494	11.506	0.832	45	10	3	0	25.5	748.1	
24.12.2021 16:12:26	991	4.4	0.420	1.494	11.506	0.832	45	10	3	0	25.5	748.1	
24.12.2021 16:12:28	993	4.4	0.420	1.494	11.506	0.832	45	9	3	0	25.5	748.1	
24.12.2021 16:12:30	995	4.4	0.420	1.494	11.506	0.832	45	9	3	0	25.5	748.1	
24.12.2021 16:12:32	997	4.5	0.444	1.591	11.636	0.769	52	10	3	0	25.6	748.4	
24.12.2021 16:12:33	998	4.5	0.444	1.591	11.636	0.769	52	10	3	0	25.6	748.4	
24.12.2021 16:12:35	1000	4.5	0.443	1.613	11.666	0.744	52	10	3	0	25.5	748.3	
24.12.2021 16:12:36	1001	4.5	0.443	1.613	11.666	0.744	52	11	3	0	25.5	748.1	
24.12.2021 16:12:38	1003	4.5	0.444	1.602	11.666	0.744	52	11	3	0	25.5	748.1	
24.12.2021 16:12:39	1004	4.5	0.444	1.602	11.666	0.744	52	11	3	0	25.5	748.1	
24.12.2021 16:12:41	1006	4.6	0.447	1.570	11.656	0.744	52	11	3	0	25.5	748.0	
24.12.2021 16:12:42	1007	4.6	0.447	1.570	11.656	0.744	52	11	3	0	25.4	747.9	
24.12.2021 16:12:44	1009	4.6	0.447	1.570	11.656	0.744	49	11	4	0	25.5	748.2	
24.12.2021 16:12:46	1011	4.7	0.441	1.516	11.636	0.744	49	11	4	0	25.5	748.2	
24.12.2021 16:12:47	1012	4.7	0.433	1.516	11.636	0.744	49	11	4	0	25.5	748.3	
24.12.2021 16:12:48	1013	4.7	0.420	1.462	11.636	0.744	46	11	4	0	25.4	748.1	
24.12.2021 16:12:50	1015	4.7	0.408	1.462	11.626	0.744	46	11	4	0	25.4	748.0	
24.12.2021 16:12:52	1017	4.7	0.399	1.462	11.626	0.744	45	10	4	0	25.5	748.2	
24.12.2021 16:12:54	1019	4.7	0.399	1.429	11.626	0.744	45	10	4	0	25.5	748.0	
24.12.2021 16:12:56	1021	4.7	0.399	1.429	11.626	0.744	45	11	4	0	25.5	748.0	
24.12.2021 16:12:58	1023	4.7	0.399	1.419	11.616	0.718	42	11	4	0	25.5	748.5	
24.12.2021 16:13:00	1025	4.8	0.399	1.419	11.616	0.693	44	10	4	0	25.5	748.5	
24.12.2021 16:13:02	1027	4.8	0.399	1.419	11.616	0.693	44	10	4	0	25.5	748.5	
24.12.2021 16:13:04	1029	6.1	0.382	1.408	11.606	0.706	45	10	4	0	25.8	748.5	
24.12.2021 16:13:05	1030	6.8	0.365	1.365	11.606	0.706	45	11	4	0	25.7	748.4	
24.12.2021 16:13:07	1032	8.3	0.350	1.365	11.366	0.668	42	11	4	0	25.6	748.6	
24.12.2021 16:13:08	1033	8.3	0.350	1.365	11.366	0.668	42	11	4	0	25.6	748.6	
24.12.2021 16:13:09	1034	8.3	0.350	1.365	11.366	0.668	42	10	4	0	25.6	748.6	
24.12.2021 16:13:10	1035	8.3	0.350	1.365	11.366	0.668	42	10	4	0	25.6	748.6	
24.12.2021 16:13:11	1036	11.7	0.297	1.235	10.597	0.630	39	10	4	0	25.7	748.2	
24.12.2021 16:13:13	1038	12.5	0.290	1.009	10.597	0.630	39	9	3	0	25.6	748.4	
24.12.2021 16:13:14	1039	12.5	0.290	1.009	10.597	0.630	39	9	3	0	25.6	748.4	
24.12.2021 16:13:15	1040	14.4	0.253	1.009	9.179	0.604	39	9	3	0	25.4	748.8	
24.12.2021 16:13:16	1041	15.2	0.250	0.750	9.179	0.604	33	9	3	0	25.6	748.6	
24.12.2021 16:13:18	1043	16.3	0.224	0.750	7.291	0.567	33	8	2	0	25.6	748.2	
24.12.2021 16:13:20	1045	17.2	0.211	0.502	7.291	0.567	27	6	1	0	25.5	748.5	
24.12.2021 16:13:22	1047	17.6	0.192	0.502	5.344	0.567	27	6	1	0	25.6	748.8	
24.12.2021 16:13:24	1049	18.3	0.179	0.502	5.344	0.579	25	5	1	0	25.5	748.5	
24.12.2021 16:13:26	1051	18.8	0.163	0.351	3.725	0.579	25	5	1	0	25.6	748.7	
24.12.2021 16:13:27	1052	19.0	0.147	0.351	3.725	0.579	24	4	1	0	25.5	748.4	
24.12.2021 16:13:29	1054	19.0	0.147	0.351	3.725	0.579	24	4	1	0	25.5	748.4	
24.12.2021 16:13:30	1055	19.0	0.147	0.351	3.725	0.579	24	4	1	0	25.5	748.4	
24.12.2021 16:13:32	1057	19.6	0.139	0.222	2.547	0.592	23	2	0	0	25.7	748.7	
24.12.2021 16:13:34	1059	19.8	0.123	0.136	1.728	0.592	23	2	0	0	25.7	748.3	
24.12.2021 16:13:35	1060	19.9	0.103	0.136	1.728	0.617	23	2	0	0	25.8	748.6	
24.12.2021 16:13:37	1062	20.1	0.092	0.093	1.189	0.617	24	2	0	0	25.7	748.3	
24.12.2021 16:13:39	1064	20.2	0.088	0.093	1.189	0.617	24	1	0	0	25.7	748.6	
24.12.2021 16:13:41	1066	20.3	0.090	0.071	1.189	0.617	24	1	0	0	25.7	748.5	
24.12.2021 16:13:43	1068	20.4	0.089	0.071	0.839	0.668	24	1	0	0	25.4	748.3	
24.12.2021 16:13:44	1069	20.4	0.082	0.071	0.839	0.668	24	1	0	0	25.4	748.1	
24.12.2021 16:13:45	1070	20.4	0.082	0.071	0.839	0.668	24	1	0	0	25.4	748.1	
24.12.2021 16:13:47	1072	20.4	0.082	0.071	0.839	0.668	24	1	0	0	25.4	748.1	
24.12.2021 16:13:48	1073	20.2	0.050	0.039	0.619	0.718	27	0	0	0	25.4	748.3	
24.12.2021 16:13:50	1075	19.7	0.046	0.039	0.529	0.744	27	0	0	0	25.5	748.7	
24.12.2021 16:13:52	1077	19.7	0.046	0.039	0.529	0.744	27	0	0	0	25.5	748.7	
24.12.2021 16:13:53	1078	18.5	0.076	0.039	0.529	0.744	30	0	0	0	25.5	748.2	
24.12.2021 16:13:55	1080	18.5	0.076	0.039	0.529	0.744	30	0	0	0	25.5	748.2	
24.12.2021 16:13:56	1081	18.5	0.076	0.039	0.529	0.744	30	1	0	0	25.5	748.2	
24.12.2021 16:13:58	1083	15.8	0.120	0.071	1.229	0.807	31	1	0	0	25.7	748.5	
24.12.2021 16:13:59	1084	15.8	0.120	0.071	1.229	0.807	31	1	0	0	25.7	748.5	
24.12.2021 16:14:00	1085	13.7	0.190	0.071	1.229	0.794	35	1	0	0	25.7	748.5	
24.12.2021 16:14:02	1087	12.9	0.214	0.179	1.229	0.794	35	2	1	0	25.9	748.5	
24.12.2021 16:14:03	1088	12.9	0.214	0.179	1.229	0.794	35	2	1	0	25.9	748.5	
24.12.2021 16:14:04	1089	12.9	0.214	0.179	1.229	0.794	35	2	1	0	25.9	748.5	
24.12.2021 16:14:06	1091	12.9	0.214	0.179	1.229	0.794	35	2	2	0	25.9	748.5	
24.12.2021 16:14:08	1093	12.9	0.214	0.179	1.229	0.794	35	2	2	0	25.9	748.5	
24.12.2021 16:14:09	1094	12.9	0.214	0.179	1.229	0.794	35	2	2	0	25.9	748.5	
24.12.2021 16:14:11	1096	6.8	0.587	0.901	6.272	0.756	54	2	3	0	25.6	748.4	
24.12.2021 16:14:13	1098	6.8	0.587	0.901	6.272	0.756	54	2	3	0	25.6	748.4	
24.12.2021 16:14:14	1099	5.1	0.726	1.516	8.100	0.718	73	2	3	0	25.5	748.4	
24.12.2021 16:14:16	1101	4.4	0.819	1.516	8.100	0.718	86	3	4	0	25.6	748.4	
24.12.2021 16:14:18	1103	4.2	0.808	2.141	8.100	0.718	86	3	4	0	25.7	748.6	
24.12.2021 16:14:20	1105	3.6	0.912	2.141	9.488	0.693	105	4	4	0	25.7	748.3	
24.12.2021 16:14:21	1106	3.5	0.906	2.658	9.488	0.693	105	4	4	0	25.6	748.3	
24.12.2021 16:14:22	1107	3.5	0.906	2.658	9.488	0.693	105	5	4	0	25.6	748.3	
24.12.2021 16:14:24	1109	3.5	0.906	2.658	9.488	0.693	105	5	4	0	25.6	748.3	
24.12.2021 16:14:25	1110	3.5	0.906	2.658	9.488	0.693	105	5	4	0	25.6	748.3	
24.12.2021 16:14:27	1112	3.5	0.906	2.658	9.488	0.693	105	5	4	0	25.6	748.3	
24.12.2021 16:14:29	1114	2.8	1.073	3.036	11.077	0.642	135	6	5	0	25.6	748.4	
24.12.2021 16:14:30	1115	2.8	1.073	3.036	11.077	0.642	135	6	5	0	25.6	748.4	
24.12.2021 16:14:32	1117	2.6	1.092	3.284	11.456	0.554	135	7	5	0	25.6	748.4	
24.12.2021 16:14:34	1119	2.6	1.092	3.284	11.456	0.554	135	7	5	0	25.6	748.4	
24.12.2021 16:14:36	1121	2.5	1.170	3.424	11.706	0.491	154	8	5	0	25.5	748.5	
24.12.2021 16:14:37	1122	2.5	1.170	3.424	11.706	0.491	154	8	5	0	25.5	748.5	
24.12.2021 16:14:38	1123	2.4	1.182	3.521	11.846	0.453	154	8	5	0	25.4	748.5	
24.12.2021 16:14:40	1125	2.4	1.203	3.521	11.846	0.453	153	8	5	0	25.4	748.5	
24.12.2021 16:14:41	1126	2.4	1.220	3.564	11.846	0.453	153	8	5	0	25.5	748.4	
24.12.2021 16:14:43	1128	2.4	1.230	3.564	11.926	0.453	153	8	5	0	25.5	748.4	
24.12.2021 16:14:44	1129	2.3	1.238	3.586	11.926	0.402	155	8	5	0	25.5	748.4	
24.12.2021 16:14:46	1131	2.3	1.239	3.586	11.995	0.402	155	8	5	0	25.6	748.2	
24.12.2021 16:14:47	1132	2.3	1.239	3.586	11.995	0.402	155	8	5	0	25.6	748.2	
24.12.2021 16:14:48	1133	2.3	1.273	3.607	11.995	0.402	156	9	5	0	25.5	748.6	
24.12.2021 16:14:49	1134	2.3	1.279	3.607	12.025	0.402	156	9	5	0	25.6	748.9	
24.12.2021 16:14:51	1136	2.3	1.279	3.607	12.025	0.402	156	9	5	0	25.6	748.9	
24.12.2021 16:14:52	1137	2.3	1.279	3.607	12.025	0.402	156	9	5	0	25.6	748.9	
24.12.2021 16:14:54	1139	2.3	1.299	3.607	12.055	0.390	155	9	5	0	25.5	748.1	
24.12.2021 16:14:55	1140	2.3	1.299	3.607	12.055	0.390	155	9	5	0	25.5	748.1	
24.12.2021 16:14:56	1141	2.3	1.299	3.607	12.055	0.390	155	9	5	0	25.5	748.1	
24.12.2021 16:14:58	1143	2.3	1.307	3.607	12.055	0.390	157	9	5	0	25.6	748.3	
24.12.2021 16:14:59	1144	2.3	1.307	3.607	12.055	0.390	157	9	5	0	25.6	748.3	
24.12.2021 16:15:00	1145	2.3	1.307	3.607	12.055	0.390	157	9	5	0	25.6	748.3	
24.12.2021 16:15:02	1147	2.3	1.307	3.607	12.055	0.390	157	9	5	0	25.6	748.3	
24.12.2021 16:15:03	1148	2.3	1.351	3.618	12.085	0.390	158	9	5	0	25.5	748.2	
24.12.2021 16:15:04	1149	2.2	1.355	3.618	12.085	0.390	156	9	5	0	25.6	748.3	
24.12.2021 16:15:06	1151	2.2	1.356	3.629	12.085	0.390	156	9	5	0	25.5	748.0	
24.12.2021 16:15:08	1153	2.2	1.356	3.650	12.085	0.377	158	9	5	0	25.6	748.3	
24.12.2021 16:15:09	1154	2.2	1.356	3.650	12.095	0.377	158	10	5	0	25.6	748.3	
24.12.2021 16:15:11	1156	2.2	1.356	3.650	12.095	0.339	158	10	5	0	25.6	748.3	
24.12.2021 16:15:13	1158	2.1	1.359	3.661	12.095	0.339	162	10	5	0	25.6	748.1	
24.12.2021 16:15:14	1159	2.1	1.364	3.661	12.105	0.314	162	10	5	0	25.5	748.0	
24.12.2021 16:15:16	1161	2.1	1.364	3.661	12.105	0.314	162	10	5	0	25.5	748.0	
24.12.2021 16:15:18	1163	2.1	1.364	3.661	12.105	0.314	162	10	5	0	25.5	748.0	
24.12.2021 16:15:19	1164	2.1	1.364	3.661	12.105	0.314	162	10	5	0	25.5	748.0	
24.12.2021 16:15:21	1166	2.5	1.357	3.693	12.125	0.301	168	10	5	0	25.5	748.2	
24.12.2021 16:15:22	1167	3.5	1.309	3.683	12.115	0.301	168	10	5	0	25.6	748.3	
24.12.2021 16:15:24	1169	4.1	1.278	3.683	12.115	0.301	166	10	5	0	25.5	748.5	
24.12.2021 16:15:25	1170	4.1	1.278	3.683	12.115	0.301	166	10	5	0	25.5	748.5	
24.12.2021 16:15:27	1172	4.1	1.278	3.683	12.115	0.301	166	11	5	0	25.5	748.5	
24.12.2021 16:15:28	1173	4.1	1.278	3.683	12.115	0.301	166	11	5	0	25.5	748.5	
24.12.2021 16:15:29	1174	4.1	1.278	3.683	12.115	0.301	166	11	5	0	25.5	748.5	
24.12.2021 16:15:31	1176	10.5	0.989	3.176	11.037	0.339	159	11	5	0	25.6	748.5	
24.12.2021 16:15:33	1178	12.6	0.914	2.605	9.538	0.339	146	11	4	0	25.7	748.4	
24.12.2021 16:15:35	1180	14.3	0.802	2.605	9.538	0.377	126	10	3	0	25.6	748.3	
24.12.2021 16:15:36	1181	14.9	0.806	1.915	9.538	0.377	126	10	3	0	25.6	748.3	
24.12.2021 16:15:38	1183	15.7	0.743	1.915	7.561	0.377	126	10	3	0	25.7	748.3	
24.12.2021 16:15:39	1184	16.2	0.700	1.915	7.561	0.427	126	9	2	0	25.6	748.1	
24.12.2021 16:15:41	1186	17.4	0.645	1.289	5.513	0.427	106	9	2	0	25.5	748.2	
24.12.2021 16:15:42	1187	17.4	0.645	1.289	5.513	0.427	106	9	2	0	25.5	748.2	
24.12.2021 16:15:44	1189	18.2	0.540	1.289	5.513	0.465	86	7	2	0	25.7	748.3	
24.12.2021 16:15:45	1190	18.6	0.545	0.815	3.795	0.465	86	7	2	0	25.7	748.9	
24.12.2021 16:15:46	1191	18.6	0.545	0.815	3.795	0.465	86	7	2	0	25.7	748.9	
24.12.2021 16:15:48	1193	19.1	0.468	0.815	3.795	0.491	71	6	1	0	25.6	748.1	
24.12.2021 16:15:50	1195	19.5	0.422	0.492	2.547	0.503	71	6	1	0	25.6	748.2	
24.12.2021 16:15:51	1196	19.6	0.389	0.492	2.547	0.503	60	5	1	0	25.6	748.2	
24.12.2021 16:15:53	1198	19.8	0.392	0.298	2.547	0.503	60	5	1	0	25.6	748.5	
24.12.2021 16:15:54	1199	19.8	0.392	0.298	2.547	0.503	60	5	1	0	25.6	748.5	
24.12.2021 16:15:55	1200	20.0	0.329	0.298	1.698	0.503	53	5	1	0	25.7	748.3	
24.12.2021 16:15:57	1202	20.0	0.329	0.298	1.698	0.503	53	4	1	0	25.7	748.3	
24.12.2021 16:15:59	1204	20.1	0.292	0.190	1.149	0.503	53	4	1	0	25.6	748.2	
24.12.2021 16:16:01	1206	20.3	0.267	0.125	1.149	0.503	47	3	1	0	25.6	749.1	
24.12.2021 16:16:03	1208	20.3	0.224	0.125	0.809	0.491	47	3	1	0	25.5	748.5	
24.12.2021 16:16:04	1209	20.3	0.224	0.125	0.809	0.491	47	3	0	0	25.5	748.5	
24.12.2021 16:16:06	1211	20.3	0.224	0.125	0.809	0.491	47	3	0	0	25.5	748.5	
24.12.2021 16:16:08	1213	19.8	0.205	0.071	0.599	0.491	43	3	0	0	25.7	748.1	
24.12.2021 16:16:09	1214	19.5	0.206	0.071	0.539	0.491	43	2	0	0	25.6	748.4	
24.12.2021 16:16:11	1216	18.4	0.208	0.071	0.539	0.478	42	2	0	0	25.6	748.1	
24.12.2021 16:16:13	1218	16.9	0.254	0.082	0.759	0.478	42	2	1	0	25.5	748.1	
24.12.2021 16:16:14	1219	16.1	0.285	0.082	0.759	0.478	42	2	1	0	25.6	748.1	
24.12.2021 16:16:16	1221	15.2	0.317	0.211	0.759	0.478	44	2	1	0	25.5	748.2	
24.12.2021 16:16:18	1223	14.1	0.390	0.211	1.408	0.478	44	2	1	0	25.5	748.3	
24.12.2021 16:16:20	1225	11.9	0.553	0.211	1.408	0.453	56	2	1	0	25.4	748.6	
24.12.2021 16:16:22	1227	9.6	0.751	0.556	2.687	0.402	56	2	2	0	25.7	748.5	
24.12.2021 16:16:23	1228	8.9	0.826	0.556	2.687	0.402	88	2	2	0	25.6	748.5	
24.12.2021 16:16:24	1229	8.9	0.826	0.556	2.687	0.402	88	2	2	0	25.6	748.5	
24.12.2021 16:16:25	1230	8.9	0.826	0.556	2.687	0.402	88	2	2	0	25.6	748.5	
24.12.2021 16:16:27	1232	7.0	1.020	1.225	4.604	0.314	88	2	2	0	25.5	748.3	
24.12.2021 16:16:28	1233	5.6	1.168	2.216	4.604	0.314	141	4	3	0	25.4	748.5	
24.12.2021 16:16:30	1235	5.1	1.278	2.216	6.592	0.314	141	4	3	0	25.5	748.4	
24.12.2021 16:16:32	1237	5.1	1.278	2.216	6.592	0.314	141	4	3	0	25.5	748.4	
24.12.2021 16:16:34	1239	5.1	1.278	2.216	6.592	0.314	141	7	3	0	25.5	748.4	
24.12.2021 16:16:35	1240	3.2	1.630	3.295	8.240	0.124	282	7	3	0	25.6	748.7	
24.12.2021 16:16:37	1242	2.7	1.693	4.200	9.389	0.124	282	9	3	0	25.7	748.6	
24.12.2021 16:16:38	1243	2.7	1.693	4.200	9.389	0.124	282	9	3	0	25.7	748.6	
24.12.2021 16:16:39	1244	2.7	1.693	4.200	9.389	0.124	282	9	3	0	25.7	748.6	
24.12.2021 16:16:40	1245	2.3	1.778	4.858	9.389	0.035	340	9	3	0	25.6	748.4	
24.12.2021 16:16:41	1246	2.2	1.831	4.858	10.148	0.035	340	12	3	0	25.7	748.2	
24.12.2021 16:16:43	1248	2.2	1.831	4.858	10.148	0.035	340	12	3	0	25.7	748.2	
24.12.2021 16:16:44	1249	2.2	1.831	4.858	10.148	0.035	340	12	3	0	25.7	748.2	
24.12.2021 16:16:46	1251	1.8	1.997	5.235	10.647	0.000	387	14	3	0	25.7	748.2	
24.12.2021 16:16:47	1252	1.8	1.997	5.235	10.647	0.000	387	14	3	0	25.7	748.2	
24.12.2021 16:16:49	1254	1.6	2.099	5.537	10.927	0.000	416	14	3	0	25.6	748.4	
24.12.2021 16:16:51	1256	1.6	2.169	5.537	10.927	0.000	436	15	3	0	25.5	748.5	
24.12.2021 16:16:52	1257	1.6	2.169	5.537	10.927	0.000	436	15	3	0	25.5	748.5	
24.12.2021 16:16:53	1258	1.6	2.169	5.537	10.927	0.000	436	15	3	0	25.5	748.5	
24.12.2021 16:16:54	1259	1.5	2.200	5.731	11.107	0.000	436	16	3	0	25.6	748.6	
24.12.2021 16:16:55	1260	1.5	2.228	5.731	11.107	0.000	448	16	3	0	25.5	748.5	
24.12.2021 16:16:56	1261	1.5	2.228	5.731	11.107	0.000	448	16	3	0	25.5	748.5	
24.12.2021 16:16:57	1262	1.4	2.269	5.839	11.196	0.000	448	18	3	0	25.6	748.7	
24.12.2021 16:16:59	1264	1.4	2.290	5.839	11.196	0.000	452	18	3	0	25.5	748.3	
24.12.2021 16:17:01	1266	1.4	2.324	5.903	11.246	0.000	452	19	3	0	25.6	748.2	
24.12.2021 16:17:03	1268	1.4	2.347	5.903	11.246	0.000	452	19	3	0	25.8	748.4	
24.12.2021 16:17:05	1270	1.3	2.371	5.946	11.246	0.000	456	19	3	0	25.9	748.6	
24.12.2021 16:17:07	1272	1.3	2.409	5.946	11.296	0.000	461	0	3	0	25.9	748.1	
24.12.2021 16:17:09	1274	1.3	2.420	5.968	11.316	0.000	461	0	3	0	25.8	748.1	
24.12.2021 16:17:11	1276	1.3	2.424	5.968	11.316	0.000	461	0	3	0	25.8	748.2	
24.12.2021 16:17:13	1278	1.3	2.425	5.990	11.336	0.000	465	0	3	0	25.9	748.6	
24.12.2021 16:17:15	1280	1.3	2.425	5.990	11.336	0.000	465	0	3	0	25.9	748.6	
24.12.2021 16:17:16	1281	1.3	2.425	5.990	11.336	0.000	465	0	3	0	25.9	748.6	
24.12.2021 16:17:17	1282	1.3	2.433	5.979	11.346	0.000	466	0	3	0	25.7	748.9	
24.12.2021 16:17:19	1284	1.3	2.443	5.979	11.346	0.000	466	0	2	0	25.6	748.9	
24.12.2021 16:17:20	1285	1.3	2.443	5.979	11.346	0.000	466	0	2	0	25.6	748.9	
24.12.2021 16:17:22	1287	1.3	2.437	5.957	11.366	0.000	465	0	2	0	25.6	748.4	
24.12.2021 16:17:23	1288	1.3	2.432	5.957	11.366	0.000	462	0	2	0	25.7	748.2	
24.12.2021 16:17:24	1289	1.3	2.438	5.936	11.386	0.000	462	0	2	0	25.6	748.3	
24.12.2021 16:17:26	1291	1.3	2.434	5.936	11.386	0.000	462	0	2	0	25.8	748.1	
24.12.2021 16:17:27	1292	1.3	2.433	5.936	11.386	0.000	455	0	2	0	25.8	748.4	
24.12.2021 16:17:28	1293	1.3	2.434	5.903	11.386	0.000	455	0	2	0	25.6	748.4	
24.12.2021 16:17:29	1294	1.3	2.434	5.903	11.406	0.000	455	0	2	0	25.7	748.7	
24.12.2021 16:17:30	1295	1.3	2.434	5.903	11.406	0.000	455	0	2	0	25.7	748.7	
24.12.2021 16:17:32	1297	1.3	2.434	5.903	11.406	0.000	455	0	2	0	25.7	748.7	
24.12.2021 16:17:34	1299	1.3	2.437	5.860	11.426	0.000	451	0	2	0	25.6	748.8	
24.12.2021 16:17:35	1300	1.3	2.437	5.860	11.426	0.000	451	0	2	0	25.6	748.8	
24.12.2021 16:17:36	1301	1.5	2.416	5.817	11.426	0.000	445	0	2	0	25.7	748.7	
24.12.2021 16:17:38	1303	2.0	2.361	5.817	11.446	0.023	445	0	2	0	25.6	748.7	
24.12.2021 16:17:39	1304	2.4	2.325	5.817	11.446	0.023	435	0	2	0	25.6	748.3	
24.12.2021 16:17:41	1306	2.4	2.325	5.817	11.446	0.023	435	0	2	0	25.6	748.3	
24.12.2021 16:17:42	1307	2.4	2.325	5.817	11.446	0.023	435	0	2	0	25.6	748.3	
24.12.2021 16:17:43	1308	5.6	2.080	5.677	11.336	0.035	417	0	2	0	25.6	748.5	
24.12.2021 16:17:44	1309	5.6	2.080	5.677	11.336	0.035	417	0	2	0	25.6	748.5	
24.12.2021 16:17:45	1310	5.6	2.080	5.677	11.336	0.035	417	0	2	0	25.6	748.5	
24.12.2021 16:17:47	1312	8.0	1.906	5.267	10.767	0.086	417	0	2	0	25.8	748.9	
24.12.2021 16:17:49	1314	10.5	1.746	4.513	10.767	0.086	381	0	2	0	25.9	748.4	
24.12.2021 16:17:50	1315	10.5	1.746	4.513	10.767	0.086	381	0	2	0	25.9	748.4	
24.12.2021 16:17:51	1316	10.5	1.746	4.513	10.767	0.086	381	0	2	0	25.9	748.4	
24.12.2021 16:17:53	1318	14.9	1.350	3.510	7.761	0.250	328	43	1	0	25.6	748.3	
24.12.2021 16:17:55	1320	14.9	1.350	3.510	7.761	0.250	328	43	1	0	25.6	748.3	
24.12.2021 16:17:56	1321	16.3	1.230	2.464	7.761	0.250	261	110	1	0	25.6	748.8	
24.12.2021 16:17:58	1323	17.3	1.066	2.464	5.753	0.326	261	110	1	0	25.9	748.5	
24.12.2021 16:17:59	1324	17.7	1.003	2.464	5.753	0.326	195	165	0	0	25.7	748.5	
24.12.2021 16:18:01	1326	18.4	0.929	1.602	4.005	0.402	195	165	0	0	25.8	748.7	
24.12.2021 16:18:03	1328	18.4	0.929	1.602	4.005	0.402	195	165	0	0	25.8	748.7	
24.12.2021 16:18:04	1329	18.9	0.853	0.998	4.005	0.402	145	208	0	0	25.7	748.6	
24.12.2021 16:18:05	1330	19.1	0.795	0.998	2.687	0.402	145	208	0	0	25.8	748.6	
24.12.2021 16:18:07	1332	19.5	0.709	0.998	2.687	0.453	107	240	0	0	25.9	748.8	
24.12.2021 16:18:09	1334	19.5	0.709	0.998	2.687	0.453	107	240	0	0	25.9	748.8	
24.12.2021 16:18:11	1336	19.8	0.594	0.610	1.798	0.516	85	243	0	0	25.8	748.4	
24.12.2021 16:18:12	1337	19.8	0.594	0.610	1.798	0.516	85	243	0	0	25.8	748.4	
24.12.2021 16:18:13	1338	19.8	0.594	0.610	1.798	0.516	85	243	0	0	25.8	748.4	
24.12.2021 16:18:14	1339	20.0	0.531	0.384	1.219	0.579	85	243	0	0	25.9	748.1	
24.12.2021 16:18:15	1340	20.0	0.531	0.384	1.219	0.579	85	243	0	0	25.9	748.1	
24.12.2021 16:18:16	1341	20.2	0.480	0.244	1.219	0.579	70	37	0	0	26.0	748.6	
24.12.2021 16:18:18	1343	20.2	0.461	0.244	0.859	0.604	70	37	0	0	25.9	748.0	
24.12.2021 16:18:20	1345	20.3	0.403	0.168	0.859	0.604	60	13	0	0	25.9	748.2	
24.12.2021 16:18:21	1346	20.3	0.403	0.168	0.859	0.604	60	13	0	0	25.9	748.2	
24.12.2021 16:18:23	1348	20.3	0.355	0.168	0.629	0.617	54	13	0	0	26.1	748.4	
24.12.2021 16:18:25	1350	20.3	0.355	0.168	0.629	0.617	54	10	0	0	26.1	748.4	
24.12.2021 16:18:27	1352	19.5	0.328	0.125	0.509	0.604	50	10	0	0	26.1	748.4	
24.12.2021 16:18:29	1354	18.4	0.352	0.103	0.579	0.604	50	8	0	0	26.1	748.6	
24.12.2021 16:18:31	1356	16.9	0.427	0.103	0.579	0.579	50	8	0	0	26.1	748.7	
24.12.2021 16:18:33	1358	15.0	0.527	0.179	1.009	0.554	50	7	0	0	26.0	748.6	
24.12.2021 16:18:35	1360	15.0	0.527	0.179	1.009	0.554	50	7	0	0	26.0	748.6	
24.12.2021 16:18:36	1361	12.8	0.697	0.459	1.009	0.554	64	6	1	0	25.9	748.3	
24.12.2021 16:18:38	1363	12.8	0.697	0.459	1.009	0.554	64	6	1	0	25.9	748.3	
24.12.2021 16:18:40	1365	10.4	0.968	0.459	1.938	0.453	114	6	1	0	26.0	748.6	
24.12.2021 16:18:42	1367	10.4	0.968	0.459	1.938	0.453	114	7	1	0	26.0	748.6	
24.12.2021 16:18:43	1368	10.4	0.968	0.459	1.938	0.453	114	7	1	0	26.0	748.6	
24.12.2021 16:18:44	1369	6.6	1.427	2.130	5.383	0.301	202	7	1	0	25.8	748.6	
24.12.2021 16:18:46	1371	5.5	1.667	2.130	5.383	0.061	326	9	1	0	25.8	748.3	
24.12.2021 16:18:48	1373	5.1	1.659	3.435	5.383	0.061	326	9	1	0	26.0	748.6	
24.12.2021 16:18:50	1375	4.3	1.872	3.435	7.021	0.000	326	11	2	0	25.9	748.6	
24.12.2021 16:18:52	1377	3.6	1.976	4.642	7.021	0.000	461	11	2	0	26.0	748.8	
24.12.2021 16:18:54	1379	3.4	2.053	4.642	8.220	0.000	461	15	2	0	26.0	748.8	
24.12.2021 16:18:56	1381	3.4	2.053	4.642	8.220	0.000	461	15	2	0	26.0	748.8	
24.12.2021 16:18:58	1383	2.6	2.266	5.537	9.029	0.000	581	20	1	0	26.0	748.6	
24.12.2021 16:19:00	1385	2.3	2.346	6.097	9.029	0.000	665	20	1	0	25.8	748.6	
24.12.2021 16:19:01	1386	2.3	2.346	6.097	9.029	0.000	665	1	1	0	25.8	748.6	
24.12.2021 16:19:02	1387	2.3	2.346	6.097	9.029	0.000	665	1	1	0	25.8	748.6	
24.12.2021 16:19:04	1389	2.0	2.498	6.442	9.578	0.000	717	1	1	0	25.8	748.6	
24.12.2021 16:19:05	1390	2.0	2.535	6.442	9.938	0.000	717	1	1	0	25.8	748.5	
24.12.2021 16:19:07	1392	1.8	2.606	6.615	9.938	0.000	746	0	1	0	25.6	748.6	
24.12.2021 16:19:08	1393	1.8	2.606	6.615	9.938	0.000	746	0	1	0	25.6	748.6	
24.12.2021 16:19:10	1395	1.8	2.670	6.615	10.178	0.000	746	0	0	0	25.5	748.6	
24.12.2021 16:19:12	1397	1.7	2.721	6.723	10.178	0.000	763	0	0	0	25.6	748.2	
24.12.2021 16:19:14	1399	1.7	2.774	6.723	10.308	0.000	763	0	0	0	25.7	748.3	
24.12.2021 16:19:15	1400	1.7	2.774	6.723	10.308	0.000	763	0	0	0	25.7	748.3	
24.12.2021 16:19:17	1402	1.7	2.774	6.723	10.308	0.000	763	0	0	0	25.7	748.3	
24.12.2021 16:19:18	1403	1.6	2.859	6.830	10.357	0.000	789	0	0	0	25.7	748.7	
24.12.2021 16:19:19	1404	1.6	2.859	6.830	10.357	0.000	789	0	0	0	25.7	748.7	
24.12.2021 16:19:21	1406	1.6	2.888	6.906	10.387	0.000	789	0	0	0	25.6	748.5	
24.12.2021 16:19:22	1407	1.6	2.908	6.906	10.387	0.000	789	0	0	0	25.6	748.4	
24.12.2021 16:19:24	1409	1.6	2.908	6.906	10.387	0.000	789	0	0	0	25.6	748.4	
24.12.2021 16:19:26	1411	1.5	2.954	6.981	10.387	0.000	801	0	0	0	25.6	748.3	
24.12.2021 16:19:27	1412	1.5	2.971	7.025	10.387	0.000	807	0	0	0	25.7	748.4	
24.12.2021 16:19:28	1413	1.5	2.986	7.025	10.387	0.000	807	0	0	0	25.7	748.7	
24.12.2021 16:19:30	1415	1.5	2.986	7.025	10.387	0.000	807	0	0	0	25.7	748.7	
24.12.2021 16:19:31	1416	1.5	2.986	7.025	10.387	0.000	807	0	0	0	25.7	748.7	
24.12.2021 16:19:33	1418	1.5	2.998	7.057	10.407	0.000	814	0	0	0	25.9	748.8	
24.12.2021 16:19:34	1419	1.5	2.998	7.057	10.407	0.000	814	0	0	0	25.9	748.8	
24.12.2021 16:19:36	1421	1.5	3.030	7.068	10.407	0.000	817	0	0	0	25.8	748.4	
24.12.2021 16:19:38	1423	1.5	3.047	7.068	10.417	0.000	818	0	0	0	25.8	749.1	
24.12.2021 16:19:40	1425	1.5	3.047	7.068	10.417	0.000	818	0	0	0	25.8	749.1	
24.12.2021 16:19:42	1427	1.5	3.057	7.068	10.447	0.000	818	0	0	0	25.8	748.4	
24.12.2021 16:19:43	1428	1.5	3.057	7.068	10.447	0.000	816	0	0	0	25.9	748.2	
24.12.2021 16:19:45	1430	1.5	3.059	7.068	10.457	0.000	816	0	0	0	25.9	748.5	
24.12.2021 16:19:46	1431	1.5	3.059	7.068	10.457	0.000	816	0	0	0	25.9	748.5	
24.12.2021 16:19:47	1432	1.5	3.059	7.068	10.457	0.000	811	0	0	0	25.7	748.3	
24.12.2021 16:19:49	1434	1.5	3.059	7.068	10.457	0.000	811	0	0	0	25.7	748.3	
24.12.2021 16:19:50	1435	1.5	3.059	7.068	10.457	0.000	811	0	0	0	25.7	748.3	
24.12.2021 16:19:52	1437	1.5	3.061	7.035	10.457	0.000	807	0	0	0	26.0	748.7	
24.12.2021 16:19:54	1439	1.5	3.061	7.035	10.457	0.000	807	0	0	0	26.0	748.7	
24.12.2021 16:19:55	1440	1.5	3.061	7.035	10.457	0.000	807	0	0	0	26.0	748.7	
24.12.2021 16:19:57	1442	1.5	3.061	7.035	10.457	0.000	807	0	0	0	26.0	748.7	
24.12.2021 16:19:58	1443	2.9	2.933	6.992	10.477	0.000	803	0	0	0	25.7	748.8	
24.12.2021 16:19:59	1444	3.6	2.855	6.992	10.477	0.000	793	0	0	0	25.9	748.8	
24.12.2021 16:20:00	1445	3.6	2.855	6.992	10.477	0.000	793	0	0	0	25.9	748.8	
24.12.2021 16:20:01	1446	3.6	2.855	6.992	10.477	0.000	793	0	0	0	25.9	748.8	
24.12.2021 16:20:02	1447	3.6	2.855	6.992	10.477	0.000	793	0	0	0	25.9	748.8	
24.12.2021 16:20:04	1449	3.6	2.855	6.992	10.477	0.000	793	0	0	0	25.9	748.8	
24.12.2021 16:20:05	1450	3.6	2.855	6.992	10.477	0.000	793	0	0	0	25.9	748.8	
24.12.2021 16:20:06	1451	10.3	2.246	6.248	9.588	0.000	765	0	0	0	25.8	748.3	
24.12.2021 16:20:08	1453	11.3	2.130	6.248	9.588	0.000	702	0	0	0	25.8	748.5	
24.12.2021 16:20:09	1454	13.5	1.901	5.267	8.300	0.000	702	43	0	0	25.9	748.5	
24.12.2021 16:20:11	1456	14.2	1.788	5.267	8.300	0.000	604	43	0	0	25.9	748.6	
24.12.2021 16:20:13	1458	14.9	1.786	4.017	8.300	0.000	604	121	0	0	25.7	748.6	
24.12.2021 16:20:15	1460	14.9	1.786	4.017	8.300	0.000	604	121	0	0	25.7	748.6	
24.12.2021 16:20:17	1462	17.5	1.396	2.788	4.814	0.000	483	201	0	0	25.9	748.6	
24.12.2021 16:20:18	1463	17.5	1.396	2.788	4.814	0.000	483	201	0	0	25.9	748.6	
24.12.2021 16:20:20	1465	17.5	1.396	2.788	4.814	0.000	483	201	0	0	25.9	748.6	
24.12.2021 16:20:21	1466	17.5	1.396	2.788	4.814	0.000	483	201	0	0	25.9	748.6	
24.12.2021 16:20:23	1468	19.0	1.036	1.807	3.316	0.073	263	262	0	0	25.6	748.8	
24.12.2021 16:20:25	1470	19.5	0.926	1.128	2.217	0.187	263	262	0	0	25.7	748.6	
24.12.2021 16:20:26	1471	19.6	0.872	1.128	2.217	0.187	191	302	0	0	25.7	748.3	
24.12.2021 16:20:28	1473	19.6	0.872	1.128	2.217	0.187	191	302	0	0	25.7	748.3	
24.12.2021 16:20:29	1474	19.6	0.872	1.128	2.217	0.187	191	302	0	0	25.7	748.3	
24.12.2021 16:20:30	1475	20.0	0.726	0.686	1.478	0.263	139	317	0	0	25.8	748.3	
24.12.2021 16:20:32	1477	20.0	0.726	0.686	1.478	0.263	139	317	0	0	25.8	748.3	
24.12.2021 16:20:34	1479	20.0	0.726	0.686	1.478	0.263	139	317	0	0	25.8	748.3	
24.12.2021 16:20:35	1480	20.2	0.620	0.427	0.999	0.326	106	319	0	0	25.7	748.9	
24.12.2021 16:20:36	1481	20.2	0.594	0.276	0.999	0.326	106	319	0	0	25.6	748.7	
24.12.2021 16:20:38	1483	20.2	0.594	0.276	0.999	0.326	106	319	0	0	25.6	748.7	
24.12.2021 16:20:40	1485	20.3	0.528	0.276	0.699	0.364	85	319	0	0	25.8	749.0	
24.12.2021 16:20:42	1487	20.3	0.472	0.190	0.519	0.390	85	313	0	0	25.9	748.9	
24.12.2021 16:20:44	1489	20.2	0.455	0.136	0.519	0.390	74	302	0	0	25.8	748.8	
24.12.2021 16:20:46	1491	19.7	0.431	0.136	0.419	0.402	74	302	0	0	25.7	748.3	
24.12.2021 16:20:47	1492	19.4	0.437	0.136	0.419	0.402	69	302	0	0	25.7	748.1	
24.12.2021 16:20:48	1493	19.4	0.437	0.136	0.419	0.402	69	292	0	0	25.7	748.1	
24.12.2021 16:20:50	1495	17.8	0.496	0.136	0.499	0.402	69	292	0	0	25.6	748.8	
24.12.2021 16:20:52	1497	15.9	0.619	0.254	0.499	0.402	71	172	0	0	25.6	748.1	
24.12.2021 16:20:53	1498	15.9	0.619	0.254	0.499	0.402	71	172	0	0	25.6	748.1	
24.12.2021 16:20:55	1500	13.5	0.832	0.254	0.899	0.314	102	172	0	0	25.7	748.2	
24.12.2021 16:20:56	1501	12.6	0.901	0.610	0.899	0.314	102	33	0	0	25.7	748.1	
24.12.2021 16:20:58	1503	10.7	1.150	0.610	1.788	0.137	102	33	0	0	25.7	748.0	
24.12.2021 16:21:00	1505	10.7	1.150	0.610	1.788	0.137	102	33	0	0	25.7	748.0	
24.12.2021 16:21:02	1507	8.8	1.383	1.365	3.276	0.137	182	28	0	0	25.8	748.2	
24.12.2021 16:21:04	1509	7.0	1.691	1.365	3.276	0.000	318	28	0	0	25.6	748.6	
24.12.2021 16:21:05	1510	6.5	1.708	2.572	3.276	0.000	318	29	0	0	25.7	748.7	
24.12.2021 16:21:06	1511	5.9	1.847	2.572	5.074	0.000	318	29	0	0	25.6	748.3	
24.12.2021 16:21:07	1512	5.4	1.957	2.572	5.074	0.000	492	29	0	0	25.8	748.6	
24.12.2021 16:21:08	1513	5.0	1.958	3.952	5.074	0.000	492	32	0	0	25.6	748.3	
24.12.2021 16:21:10	1515	4.3	2.184	3.952	6.632	0.000	492	32	0	0	25.6	748.1	
24.12.2021 16:21:11	1516	4.0	2.274	3.952	6.632	0.000	669	32	0	0	25.6	748.0	
24.12.2021 16:21:12	1517	3.6	2.288	5.127	6.632	0.000	669	0	0	0	25.7	748.1	
24.12.2021 16:21:14	1519	3.2	2.448	5.127	7.761	0.000	669	0	0	0	25.7	748.3	
24.12.2021 16:21:16	1521	3.0	2.544	5.127	7.761	0.000	816	0	0	0	25.6	748.7	
24.12.2021 16:21:17	1522	2.8	2.540	6.011	7.761	0.000	816	0	0	0	25.6	748.4	
24.12.2021 16:21:19	1524	2.6	2.689	6.011	8.510	0.099	920	0	0	0	25.6	748.1	
24.12.2021 16:21:21	1526	2.6	2.689	6.011	8.510	0.099	920	0	0	0	25.6	748.1	
24.12.2021 16:21:22	1527	2.6	2.689	6.011	8.510	0.099	920	0	0	0	25.6	748.1	
24.12.2021 16:21:24	1529	2.1	2.888	7.003	9.009	0.276	990	0	0	0	25.9	748.4	
24.12.2021 16:21:25	1530	2.1	2.888	7.003	9.009	0.276	990	0	0	0	25.9	748.4	
24.12.2021 16:21:27	1532	2.0	2.978	7.003	9.309	0.440	1038	0	0	0	25.8	748.7	
24.12.2021 16:21:28	1533	2.0	2.978	7.003	9.309	0.440	1038	0	0	0	25.8	748.7	
24.12.2021 16:21:30	1535	1.9	3.073	7.240	9.498	0.503	1038	0	0	0	26.0	748.7	
24.12.2021 16:21:31	1536	1.9	3.107	7.240	9.498	0.503	1070	0	0	0	25.8	748.6	
24.12.2021 16:21:32	1537	1.9	3.107	7.240	9.498	0.503	1070	0	0	0	25.8	748.6	
24.12.2021 16:21:33	1538	1.8	3.119	7.391	9.498	0.503	1070	0	0	0	25.6	748.5	
24.12.2021 16:21:35	1540	1.8	3.180	7.391	9.598	0.529	1091	0	0	0	25.7	748.7	
24.12.2021 16:21:36	1541	1.8	3.188	7.477	9.598	0.529	1091	0	0	0	25.8	748.5	
24.12.2021 16:21:37	1542	1.8	3.208	7.477	9.658	0.529	1091	0	0	0	25.8	748.6	
24.12.2021 16:21:38	1543	1.8	3.208	7.477	9.658	0.529	1091	0	0	0	25.8	748.6	
24.12.2021 16:21:39	1544	1.8	3.208	7.477	9.658	0.529	1091	0	0	0	25.8	748.6	
24.12.2021 16:21:40	1545	1.7	3.247	7.542	9.658	0.554	1106	0	0	0	25.8	748.6	
24.12.2021 16:21:41	1546	1.7	3.252	7.542	9.698	0.554	1106	0	0	0	25.9	748.7	
24.12.2021 16:21:43	1548	1.7	3.274	7.542	9.698	0.567	1106	0	0	0	25.8	748.6	
24.12.2021 16:21:45	1550	1.7	3.305	7.574	9.708	0.567	1116	0	0	0	25.9	748.7	
24.12.2021 16:21:47	1552	1.7	3.310	7.574	9.708	0.592	1116	0	0	0	25.9	748.7	
24.12.2021 16:21:48	1553	1.7	3.359	7.585	9.708	0.592	1124	0	0	0	25.9	748.6	
24.12.2021 16:21:49	1554	1.7	3.359	7.585	9.708	0.592	1124	0	0	0	25.9	748.6	
24.12.2021 16:21:50	1555	1.7	3.359	7.585	9.708	0.592	1124	0	0	0	25.9	748.6	
24.12.2021 16:21:51	1556	1.7	3.357	7.585	9.728	0.592	1127	0	0	0	26.0	748.4	
24.12.2021 16:21:53	1558	1.7	3.366	7.596	9.738	0.592	1127	0	0	0	26.0	748.7	
24.12.2021 16:21:55	1560	1.7	3.370	7.596	9.738	0.592	1127	0	0	0	26.1	748.6	
24.12.2021 16:21:57	1562	1.7	3.375	7.585	9.738	0.592	1127	0	0	0	25.9	748.8	
24.12.2021 16:21:59	1564	1.7	3.375	7.585	9.738	0.592	1127	0	0	0	25.9	748.8	
24.12.2021 16:22:01	1566	1.7	3.375	7.585	9.738	0.592	1127	0	0	0	25.9	748.8	
24.12.2021 16:22:02	1567	1.7	3.375	7.585	9.738	0.592	1127	0	0	0	25.9	748.8	
24.12.2021 16:22:04	1569	1.7	3.410	7.564	9.748	0.617	1124	0	0	0	25.9	749.0	
24.12.2021 16:22:05	1570	1.7	3.408	7.564	9.758	0.617	1124	0	0	0	25.9	748.9	
24.12.2021 16:22:06	1571	1.7	3.414	7.564	9.758	0.617	1124	0	0	0	26.2	748.7	
24.12.2021 16:22:08	1573	1.7	3.420	7.564	9.758	0.617	1123	0	0	0	26.1	748.8	
24.12.2021 16:22:09	1574	1.7	3.428	7.564	9.758	0.617	1123	0	0	0	25.9	748.8	
24.12.2021 16:22:10	1575	1.7	3.421	7.564	9.758	0.604	1123	0	0	0	25.9	748.7	
24.12.2021 16:22:11	1576	1.7	3.423	7.564	9.758	0.604	1123	0	0	0	25.8	748.6	
24.12.2021 16:22:13	1578	1.8	3.399	7.564	9.788	0.604	1123	0	0	0	26.1	749.0	
24.12.2021 16:22:14	1579	2.0	3.376	7.564	9.788	0.567	1123	0	0	0	25.9	748.6	
24.12.2021 16:22:15	1580	2.0	3.376	7.564	9.788	0.567	1123	0	0	0	25.9	748.6	
24.12.2021 16:22:17	1582	3.1	3.277	7.510	9.758	0.567	1122	0	0	0	26.0	748.7	
24.12.2021 16:22:19	1584	4.5	3.135	7.510	9.758	0.478	1106	0	0	0	25.9	748.6	
24.12.2021 16:22:20	1585	5.6	3.062	7.208	9.758	0.478	1106	0	0	0	25.8	748.4	
24.12.2021 16:22:22	1587	6.5	2.960	7.208	9.449	0.478	1106	0	0	0	26.1	748.6	
24.12.2021 16:22:23	1588	7.5	2.857	7.208	9.449	0.301	1055	0	0	0	25.8	748.7	
24.12.2021 16:22:25	1590	9.7	2.661	6.453	8.630	0.301	1055	0	0	0	25.8	748.7	
24.12.2021 16:22:26	1591	9.7	2.661	6.453	8.630	0.301	1055	0	0	0	25.8	748.7	
24.12.2021 16:22:27	1592	12.1	2.324	6.453	8.630	0.048	956	57	0	0	25.8	749.0	
24.12.2021 16:22:29	1594	12.1	2.324	6.453	8.630	0.048	956	57	0	0	25.8	749.0	
24.12.2021 16:22:30	1595	12.1	2.324	6.453	8.630	0.048	956	57	0	0	25.8	749.0	
24.12.2021 16:22:32	1597	15.0	2.055	3.931	7.261	0.000	813	152	0	0	25.9	748.6	
24.12.2021 16:22:34	1599	16.2	1.797	3.931	5.583	0.000	813	152	0	0	25.8	748.5	
24.12.2021 16:22:35	1600	16.2	1.797	3.931	5.583	0.000	813	152	0	0	25.8	748.5	
24.12.2021 16:22:37	1602	16.2	1.797	3.931	5.583	0.000	813	243	0	0	25.8	748.5	
24.12.2021 16:22:39	1604	17.9	1.490	2.669	3.975	0.000	645	243	0	0	25.8	748.4	
24.12.2021 16:22:41	1606	18.8	1.273	1.710	2.697	0.000	488	326	0	0	25.8	748.6	
24.12.2021 16:22:43	1608	19.1	1.177	1.710	2.697	0.000	361	326	0	0	25.7	748.4	
24.12.2021 16:22:45	1610	19.5	1.062	1.063	1.798	0.000	361	372	0	0	25.8	748.6	
24.12.2021 16:22:46	1611	19.5	1.062	1.063	1.798	0.000	361	372	0	0	25.8	748.6	
24.12.2021 16:22:48	1613	19.8	0.951	0.653	1.798	0.000	268	372	0	0	25.8	748.5	
24.12.2021 16:22:49	1614	19.9	0.903	0.653	1.199	0.000	268	396	0	0	25.6	748.4	
24.12.2021 16:22:51	1616	20.1	0.798	0.405	1.199	0.099	205	396	0	0	25.8	748.8	
24.12.2021 16:22:53	1618	20.1	0.798	0.405	1.199	0.099	205	399	0	0	25.8	748.8	
24.12.2021 16:22:55	1620	20.1	0.798	0.405	1.199	0.099	205	399	0	0	25.8	748.8	
24.12.2021 16:22:57	1622	20.3	0.614	0.254	0.579	0.162	162	385	0	0	25.8	748.3	
24.12.2021 16:22:58	1623	20.3	0.614	0.254	0.579	0.162	162	385	0	0	25.8	748.3	
24.12.2021 16:22:59	1624	20.3	0.614	0.254	0.579	0.162	162	385	0	0	25.8	748.3	
24.12.2021 16:23:01	1626	20.4	0.540	0.179	0.439	0.212	134	385	0	0	25.6	748.3	
24.12.2021 16:23:03	1628	20.4	0.522	0.179	0.439	0.250	134	366	0	0	25.6	748.2	
24.12.2021 16:23:05	1630	20.5	0.470	0.136	0.350	0.250	116	366	0	0	25.7	748.6	
24.12.2021 16:23:07	1632	20.5	0.426	0.136	0.350	0.301	104	345	0	0	25.8	749.0	
24.12.2021 16:23:08	1633	20.5	0.417	0.103	0.350	0.301	104	345	0	0	26.0	748.9	
24.12.2021 16:23:10	1635	20.5	0.417	0.103	0.350	0.301	104	324	0	0	26.0	748.9	
24.12.2021 16:23:12	1637	20.5	0.417	0.103	0.350	0.301	104	324	0	0	26.0	748.9	
24.12.2021 16:23:13	1638	20.5	0.417	0.103	0.350	0.301	104	324	0	0	26.0	748.9	
24.12.2021 16:23:14	1639	20.5	0.417	0.103	0.350	0.301	104	324	0	0	26.0	748.9	
24.12.2021 16:23:15	1640	20.5	0.336	0.071	0.260	0.364	88	304	0	0	26.1	748.4	
