Tabs	Trel	O2(%)	H2(%)	CO(%)	CO2(%)	CH4(%)	SO2(ppm)	NO(ppm)	NO2(ppm)	N2O(ppm)	T(°C)	P()	Comments
24.12.2021 17:29:38	0	20.6	0.000	0.022	0.160	0.000	19	7	0	6	26.2	749.9	
24.12.2021 17:29:40	2	20.3	0.018	0.022	0.160	0.000	23	7	0	6	26.3	750.2	
24.12.2021 17:29:42	4	19.7	0.071	0.022	0.220	0.000	29	8	0	4	26.2	750.0	
24.12.2021 17:29:44	6	19.3	0.106	0.075	0.220	0.000	29	8	0	4	26.2	749.8	
24.12.2021 17:29:45	7	18.8	0.149	0.075	0.390	0.000	29	8	0	4	26.1	750.1	
24.12.2021 17:29:47	9	18.8	0.149	0.075	0.390	0.000	29	10	0	3	26.1	750.1	
24.12.2021 17:29:48	10	18.8	0.149	0.075	0.390	0.000	29	10	0	3	26.1	750.1	
24.12.2021 17:29:49	11	15.9	0.414	0.259	0.879	0.000	54	10	0	3	26.4	750.0	
24.12.2021 17:29:51	13	14.1	0.606	0.259	0.879	0.000	116	14	0	4	26.4	749.9	
24.12.2021 17:29:52	14	13.3	0.652	0.722	0.879	0.000	116	14	0	4	26.5	750.1	
24.12.2021 17:29:53	15	13.3	0.652	0.722	0.879	0.000	116	14	0	4	26.5	750.1	
24.12.2021 17:29:54	16	13.3	0.652	0.722	0.879	0.000	116	14	0	4	26.5	750.1	
24.12.2021 17:29:56	18	11.3	0.863	0.722	1.958	0.000	221	17	0	1	26.2	749.9	
24.12.2021 17:29:57	19	9.4	0.978	1.605	3.865	0.000	221	17	0	1	26.2	750.1	
24.12.2021 17:29:59	21	8.8	1.037	1.605	3.865	0.000	353	22	0	3	26.2	750.2	
24.12.2021 17:30:00	22	8.8	1.037	1.605	3.865	0.000	353	22	0	3	26.2	750.2	
24.12.2021 17:30:02	24	8.8	1.037	1.605	3.865	0.000	353	22	0	3	26.2	750.2	
24.12.2021 17:30:03	25	7.2	1.074	2.780	6.302	0.000	465	26	0	3	26.3	749.8	
24.12.2021 17:30:05	27	6.9	1.018	3.545	8.510	0.000	465	26	0	3	26.3	750.1	
24.12.2021 17:30:07	29	6.9	0.977	3.545	8.510	0.000	512	30	0	4	26.4	750.0	
24.12.2021 17:30:08	30	6.9	0.977	3.545	8.510	0.000	512	30	0	4	26.4	750.0	
24.12.2021 17:30:09	31	6.9	0.977	3.545	8.510	0.000	512	30	0	4	26.4	750.0	
24.12.2021 17:30:10	32	6.9	0.977	3.545	8.510	0.000	512	30	0	4	26.4	750.0	
24.12.2021 17:30:11	33	7.8	0.806	3.976	10.058	0.000	488	33	0	2	26.4	749.8	
24.12.2021 17:30:12	34	8.1	0.780	3.739	10.058	0.000	488	33	0	2	26.6	750.1	
24.12.2021 17:30:13	35	8.6	0.728	3.739	10.817	0.000	488	33	0	2	26.4	750.0	
24.12.2021 17:30:14	36	8.6	0.728	3.739	10.817	0.000	488	33	0	2	26.4	750.0	
24.12.2021 17:30:15	37	8.6	0.728	3.739	10.817	0.000	488	34	0	0	26.4	750.0	
24.12.2021 17:30:16	38	9.4	0.677	3.060	10.817	0.000	413	34	0	0	26.3	749.7	
24.12.2021 17:30:17	39	9.8	0.641	3.060	10.827	0.000	413	34	0	0	26.4	749.9	
24.12.2021 17:30:19	41	10.5	0.548	3.060	10.827	0.000	324	34	0	0	26.4	749.9	
24.12.2021 17:30:20	42	10.9	0.563	2.252	10.827	0.000	324	34	0	0	26.3	750.3	
24.12.2021 17:30:22	44	11.2	0.527	2.252	10.298	0.000	324	34	0	0	26.3	750.4	
24.12.2021 17:30:23	45	11.5	0.492	2.252	10.298	0.000	241	33	0	0	26.3	750.3	
24.12.2021 17:30:24	46	11.5	0.492	2.252	10.298	0.000	241	33	0	0	26.3	750.3	
24.12.2021 17:30:25	47	12.2	0.460	1.541	9.498	0.000	241	33	0	0	26.4	750.1	
24.12.2021 17:30:27	49	12.2	0.460	1.541	9.498	0.000	241	31	0	0	26.4	750.1	
24.12.2021 17:30:28	50	12.2	0.460	1.541	9.498	0.000	241	31	0	0	26.4	750.1	
24.12.2021 17:30:29	51	13.0	0.379	1.013	8.650	0.000	176	31	0	0	26.2	749.7	
24.12.2021 17:30:30	52	13.2	0.359	1.013	8.650	0.000	176	31	0	0	26.3	750.0	
24.12.2021 17:30:31	53	13.3	0.326	1.013	8.650	0.000	130	30	0	1	26.5	750.0	
24.12.2021 17:30:33	55	13.3	0.326	1.013	8.650	0.000	130	30	0	1	26.5	750.0	
24.12.2021 17:30:35	57	13.8	0.270	0.646	7.910	0.000	98	28	0	3	26.2	749.9	
24.12.2021 17:30:36	58	13.9	0.265	0.420	7.910	0.000	98	28	0	3	26.3	750.0	
24.12.2021 17:30:37	59	14.0	0.240	0.420	7.291	0.000	98	28	0	3	26.3	749.7	
24.12.2021 17:30:39	61	14.0	0.240	0.420	7.291	0.000	98	27	0	3	26.3	749.7	
24.12.2021 17:30:40	62	14.1	0.226	0.280	7.291	0.000	80	27	0	3	26.3	749.6	
24.12.2021 17:30:41	63	14.2	0.198	0.280	6.832	0.000	80	27	0	3	26.5	749.7	
24.12.2021 17:30:43	65	14.2	0.198	0.280	6.832	0.000	80	25	0	2	26.5	749.7	
24.12.2021 17:30:44	66	14.3	0.175	0.194	6.832	0.000	66	25	0	2	26.3	749.7	
24.12.2021 17:30:45	67	14.3	0.170	0.194	6.512	0.000	66	25	0	2	26.5	749.8	
24.12.2021 17:30:46	68	14.3	0.168	0.194	6.512	0.000	66	25	0	2	26.5	749.8	
24.12.2021 17:30:48	70	14.3	0.168	0.194	6.512	0.000	66	25	0	1	26.5	749.8	
24.12.2021 17:30:49	71	14.4	0.125	0.140	6.292	0.000	55	25	0	1	26.1	749.9	
24.12.2021 17:30:51	73	14.4	0.113	0.140	6.292	0.000	49	24	0	3	26.2	749.7	
24.12.2021 17:30:52	74	14.4	0.113	0.119	6.163	0.000	49	24	0	3	26.2	749.8	
24.12.2021 17:30:54	76	14.5	0.112	0.119	6.163	0.000	49	24	0	3	26.2	749.6	
24.12.2021 17:30:56	78	14.5	0.112	0.119	6.163	0.000	46	23	0	3	26.2	749.8	
24.12.2021 17:30:57	79	14.5	0.081	0.097	6.083	0.000	46	23	0	3	26.3	750.2	
24.12.2021 17:30:59	81	14.5	0.068	0.097	6.083	0.000	46	23	0	3	26.3	750.1	
24.12.2021 17:31:01	83	14.5	0.057	0.086	6.023	0.000	44	22	0	6	26.2	750.2	
24.12.2021 17:31:02	84	14.5	0.057	0.086	6.023	0.000	44	22	0	6	26.2	750.2	
24.12.2021 17:31:04	86	14.5	0.055	0.086	6.023	0.000	44	21	0	7	26.2	749.8	
24.12.2021 17:31:06	88	14.5	0.055	0.086	5.993	0.000	44	21	0	7	26.2	749.6	
24.12.2021 17:31:08	90	14.5	0.055	0.086	5.993	0.000	44	20	0	7	26.2	749.6	
24.12.2021 17:31:09	91	14.5	0.054	0.075	5.973	0.000	45	20	0	7	26.4	749.8	
24.12.2021 17:31:11	93	14.5	0.054	0.075	5.973	0.000	47	20	0	7	26.3	749.9	
24.12.2021 17:31:13	95	14.6	0.054	0.075	5.973	0.000	47	20	0	9	26.4	750.1	
24.12.2021 17:31:14	96	14.5	0.049	0.075	5.973	0.000	47	20	0	9	26.6	749.9	
24.12.2021 17:31:16	98	14.5	0.037	0.075	5.973	0.000	48	20	0	12	26.5	750.1	
24.12.2021 17:31:18	100	14.5	0.034	0.075	5.973	0.000	48	20	0	12	26.4	749.6	
24.12.2021 17:31:20	102	14.5	0.025	0.075	5.973	0.000	47	19	0	12	26.4	750.0	
24.12.2021 17:31:21	103	14.5	0.025	0.075	5.963	0.000	47	19	0	12	26.5	749.9	
24.12.2021 17:31:23	105	14.5	0.009	0.075	5.963	0.000	46	18	0	9	26.5	749.8	
24.12.2021 17:31:24	106	14.5	0.009	0.075	5.963	0.000	46	18	0	9	26.5	749.8	
24.12.2021 17:31:26	108	14.5	0.002	0.075	5.963	0.000	46	18	0	9	26.3	749.5	
24.12.2021 17:31:27	109	14.5	0.012	0.075	5.963	0.000	44	18	0	11	26.3	749.7	
24.12.2021 17:31:29	111	14.6	0.011	0.075	5.963	0.000	44	18	0	11	26.3	749.8	
24.12.2021 17:31:30	112	14.6	0.011	0.075	5.963	0.000	44	18	0	12	26.3	750.1	
24.12.2021 17:31:31	113	14.6	0.004	0.075	5.963	0.000	44	18	0	12	26.4	750.2	
24.12.2021 17:31:33	115	14.6	0.004	0.075	5.963	0.000	44	18	0	12	26.4	750.2	
24.12.2021 17:31:34	116	14.6	0.004	0.075	5.963	0.000	44	18	0	12	26.4	750.2	
24.12.2021 17:31:35	117	14.6	0.017	0.075	5.963	0.000	44	18	0	13	26.3	749.9	
24.12.2021 17:31:36	118	14.6	0.007	0.075	5.963	0.000	44	18	0	13	26.4	750.1	
24.12.2021 17:31:37	119	14.6	0.007	0.075	5.963	0.000	44	18	0	13	26.4	750.1	
24.12.2021 17:31:38	120	14.6	0.007	0.075	5.963	0.000	44	18	0	13	26.4	750.1	
24.12.2021 17:31:40	122	14.7	0.000	0.075	5.953	0.000	43	18	0	12	26.3	750.0	
24.12.2021 17:31:42	124	14.7	0.000	0.075	5.953	0.000	43	18	0	12	26.3	750.0	
24.12.2021 17:31:43	125	14.9	0.000	0.075	5.913	0.000	45	18	0	12	26.4	749.9	
24.12.2021 17:31:45	127	15.2	0.000	0.075	5.833	0.000	45	18	0	12	26.4	749.8	
24.12.2021 17:31:47	129	15.2	0.000	0.075	5.833	0.000	45	17	0	12	26.4	749.8	
24.12.2021 17:31:48	130	15.7	0.000	0.075	5.833	0.000	44	17	0	12	26.5	750.0	
24.12.2021 17:31:49	131	15.7	0.000	0.075	5.833	0.000	44	17	0	12	26.5	750.0	
24.12.2021 17:31:50	132	16.4	0.000	0.075	5.573	0.000	46	17	0	12	26.3	749.7	
24.12.2021 17:31:51	133	16.4	0.000	0.075	5.573	0.000	46	17	0	12	26.3	749.7	
24.12.2021 17:31:53	135	17.1	0.000	0.075	5.054	0.000	46	16	0	11	26.2	749.8	
24.12.2021 17:31:54	136	17.3	0.000	0.075	5.054	0.000	46	16	0	11	26.4	750.2	
24.12.2021 17:31:56	138	17.6	0.000	0.075	5.054	0.000	47	14	0	7	26.4	750.1	
24.12.2021 17:31:57	139	17.6	0.000	0.075	5.054	0.000	47	14	0	7	26.4	750.1	
24.12.2021 17:31:58	140	17.6	0.000	0.075	5.054	0.000	47	14	0	7	26.4	750.1	
24.12.2021 17:32:00	142	18.8	0.000	0.054	4.275	0.000	47	12	0	6	26.4	750.0	
24.12.2021 17:32:01	143	19.0	0.000	0.054	3.346	0.000	47	12	0	6	26.3	750.0	
24.12.2021 17:32:02	144	19.1	0.000	0.054	3.346	0.000	47	12	0	6	26.4	749.9	
24.12.2021 17:32:03	145	19.1	0.000	0.054	3.346	0.000	47	12	0	6	26.4	749.9	
24.12.2021 17:32:04	146	19.1	0.000	0.054	3.346	0.000	47	9	0	5	26.4	749.9	
24.12.2021 17:32:05	147	19.5	0.000	0.043	2.457	0.000	47	9	0	5	26.1	750.0	
24.12.2021 17:32:07	149	19.7	0.000	0.043	2.457	0.000	47	9	0	4	26.2	750.0	
24.12.2021 17:32:08	150	19.8	0.000	0.032	2.457	0.000	47	9	0	4	26.2	750.0	
24.12.2021 17:32:10	152	20.0	0.000	0.032	1.718	0.000	47	9	0	4	26.2	750.0	
24.12.2021 17:32:12	154	20.1	0.000	0.032	1.179	0.000	45	7	0	3	26.1	749.9	
24.12.2021 17:32:13	155	20.2	0.000	0.032	1.179	0.000	45	7	0	3	26.1	750.1	
24.12.2021 17:32:14	156	20.2	0.000	0.032	1.179	0.000	45	7	0	3	26.1	750.0	
24.12.2021 17:32:16	158	20.3	0.000	0.022	1.179	0.000	45	7	0	3	26.3	750.0	
24.12.2021 17:32:18	160	20.3	0.000	0.022	0.819	0.000	45	5	0	2	26.2	749.8	
24.12.2021 17:32:20	162	20.4	0.000	0.022	0.579	0.000	47	5	0	2	26.2	750.1	
24.12.2021 17:32:21	163	20.4	0.000	0.022	0.579	0.000	47	5	0	2	26.1	750.0	
24.12.2021 17:32:23	165	20.3	0.000	0.022	0.579	0.000	49	5	0	0	26.2	749.9	
24.12.2021 17:32:24	166	20.3	0.000	0.022	0.579	0.000	49	5	0	0	26.1	749.9	
24.12.2021 17:32:25	167	20.3	0.000	0.022	0.449	0.000	49	5	0	0	26.2	749.9	
24.12.2021 17:32:26	168	20.2	0.000	0.022	0.449	0.000	49	5	0	0	26.2	749.9	
24.12.2021 17:32:28	170	19.9	0.000	0.022	0.449	0.000	53	5	0	0	26.1	750.5	
24.12.2021 17:32:30	172	19.5	0.000	0.022	0.449	0.000	53	5	0	0	26.2	750.1	
24.12.2021 17:32:32	174	19.5	0.000	0.022	0.449	0.000	53	5	0	0	26.2	750.1	
24.12.2021 17:32:34	176	19.5	0.000	0.022	0.449	0.000	53	6	0	1	26.2	750.1	
24.12.2021 17:32:35	177	19.5	0.000	0.022	0.449	0.000	53	6	0	1	26.2	750.1	
24.12.2021 17:32:37	179	17.8	0.000	0.022	1.009	0.000	54	6	0	1	26.2	749.9	
24.12.2021 17:32:38	180	17.5	0.000	0.022	1.009	0.000	54	8	0	3	26.2	750.0	
24.12.2021 17:32:39	181	17.5	0.000	0.022	1.009	0.000	54	8	0	3	26.2	750.0	
24.12.2021 17:32:40	182	17.5	0.000	0.022	1.009	0.000	54	8	0	3	26.2	750.0	
24.12.2021 17:32:42	184	16.5	0.000	0.032	1.718	0.000	55	9	0	3	26.3	750.1	
24.12.2021 17:32:43	185	16.3	0.000	0.032	1.718	0.000	55	9	0	3	26.4	750.0	
24.12.2021 17:32:45	187	15.7	0.000	0.043	2.677	0.000	55	9	0	3	26.3	749.8	
24.12.2021 17:32:46	188	15.5	0.000	0.043	2.677	0.000	57	11	0	3	26.0	749.9	
24.12.2021 17:32:47	189	15.5	0.000	0.043	2.677	0.000	57	11	0	3	26.0	749.9	
24.12.2021 17:32:49	191	15.1	0.000	0.054	3.686	0.000	57	11	0	3	26.1	750.1	
24.12.2021 17:32:50	192	14.9	0.000	0.054	3.686	0.000	58	13	0	3	26.2	750.2	
24.12.2021 17:32:52	194	14.7	0.000	0.065	4.564	0.000	58	13	0	3	26.3	750.0	
24.12.2021 17:32:54	196	14.5	0.000	0.065	4.564	0.000	58	13	0	2	26.3	749.9	
24.12.2021 17:32:56	198	14.5	0.000	0.065	4.564	0.000	58	13	0	2	26.3	750.2	
24.12.2021 17:32:57	199	14.5	0.000	0.065	4.564	0.000	58	13	0	2	26.3	750.2	
24.12.2021 17:32:58	200	14.3	0.000	0.065	5.254	0.000	60	14	0	0	26.2	749.8	
24.12.2021 17:32:59	201	14.3	0.000	0.075	5.254	0.000	60	14	0	0	26.2	749.8	
24.12.2021 17:33:01	203	14.2	0.000	0.075	5.723	0.000	60	14	0	0	26.2	749.8	
24.12.2021 17:33:02	204	14.2	0.000	0.075	5.723	0.000	60	14	0	3	26.2	749.8	
24.12.2021 17:33:03	205	14.1	0.000	0.075	5.723	0.000	62	14	0	3	26.3	750.3	
24.12.2021 17:33:05	207	14.1	0.000	0.075	5.723	0.000	62	14	0	3	26.3	750.3	
24.12.2021 17:33:07	209	14.1	0.000	0.075	6.013	0.000	62	14	0	2	26.3	750.2	
24.12.2021 17:33:09	211	14.1	0.000	0.075	6.013	0.000	62	14	0	2	26.3	750.2	
24.12.2021 17:33:11	213	13.9	0.000	0.075	6.202	0.000	58	14	0	3	26.2	750.4	
24.12.2021 17:33:12	214	13.9	0.000	0.075	6.202	0.000	58	14	0	3	26.2	750.4	
24.12.2021 17:33:13	215	13.9	0.000	0.075	6.322	0.000	58	14	0	3	26.2	750.1	
24.12.2021 17:33:15	217	13.9	0.000	0.075	6.322	0.000	58	15	0	2	26.2	750.1	
24.12.2021 17:33:16	218	13.9	0.000	0.075	6.322	0.000	59	15	0	2	26.3	750.0	
24.12.2021 17:33:17	219	13.9	0.000	0.075	6.412	0.000	59	15	0	2	26.3	749.8	
24.12.2021 17:33:19	221	13.9	0.000	0.075	6.412	0.000	58	14	0	0	26.5	750.0	
24.12.2021 17:33:20	222	13.9	0.000	0.075	6.482	0.000	58	14	0	0	26.3	750.0	
24.12.2021 17:33:22	224	13.9	0.000	0.075	6.482	0.000	58	14	0	0	26.3	750.1	
24.12.2021 17:33:23	225	13.9	0.000	0.075	6.482	0.000	58	14	0	0	26.3	750.1	
24.12.2021 17:33:24	226	13.9	0.000	0.075	6.482	0.000	58	14	0	0	26.3	750.1	
24.12.2021 17:33:26	228	13.9	0.000	0.075	6.482	0.000	58	14	0	0	26.3	750.1	
24.12.2021 17:33:28	230	13.9	0.000	0.075	6.552	0.000	58	14	0	0	26.2	749.9	
24.12.2021 17:33:30	232	13.9	0.000	0.075	6.552	0.000	57	14	0	0	26.3	750.2	
24.12.2021 17:33:31	233	13.9	0.000	0.075	6.552	0.000	57	14	0	0	26.1	750.1	
24.12.2021 17:33:32	234	13.9	0.000	0.075	6.552	0.000	57	14	0	0	26.3	750.2	
24.12.2021 17:33:33	235	13.9	0.000	0.075	6.552	0.000	57	14	0	0	26.3	750.2	
24.12.2021 17:33:34	236	13.9	0.000	0.075	6.552	0.000	57	14	0	0	26.3	750.3	
24.12.2021 17:33:35	237	13.9	0.000	0.075	6.552	0.000	59	14	0	0	26.2	750.1	
24.12.2021 17:33:36	238	13.9	0.000	0.075	6.552	0.000	59	14	0	0	26.2	750.1	
24.12.2021 17:33:38	240	14.0	0.000	0.075	6.542	0.000	60	14	0	0	26.2	750.3	
24.12.2021 17:33:39	241	14.0	0.000	0.075	6.542	0.000	60	14	0	0	26.2	750.3	
24.12.2021 17:33:41	243	14.0	0.000	0.075	6.522	0.000	60	14	0	0	26.2	750.1	
24.12.2021 17:33:43	245	13.9	0.000	0.075	6.522	0.000	62	14	0	0	26.2	749.9	
24.12.2021 17:33:44	246	13.9	0.000	0.075	6.502	0.000	62	14	0	0	26.2	749.9	
24.12.2021 17:33:45	247	13.9	0.000	0.075	6.502	0.000	62	14	0	0	26.2	749.9	
24.12.2021 17:33:47	249	13.9	0.000	0.075	6.502	0.000	64	14	0	0	26.6	750.2	
24.12.2021 17:33:48	250	13.9	0.000	0.075	6.502	0.000	64	14	0	0	26.6	750.2	
24.12.2021 17:33:50	252	13.9	0.000	0.075	6.492	0.000	64	14	0	0	26.4	749.8	
24.12.2021 17:33:52	254	13.9	0.000	0.075	6.492	0.000	64	14	0	0	26.4	749.8	
24.12.2021 17:33:53	255	13.9	0.000	0.075	6.502	0.000	62	14	0	0	26.3	749.9	
24.12.2021 17:33:55	257	13.9	0.000	0.075	6.502	0.000	60	13	0	0	26.2	749.9	
24.12.2021 17:33:57	259	13.8	0.000	0.075	6.522	0.000	60	13	0	0	26.3	750.1	
24.12.2021 17:33:58	260	13.9	0.000	0.075	6.522	0.000	60	13	0	0	26.2	749.8	
24.12.2021 17:33:59	261	13.9	0.000	0.075	6.522	0.000	60	13	0	0	26.4	749.8	
24.12.2021 17:34:00	262	14.0	0.000	0.075	6.542	0.000	60	13	0	0	26.3	749.7	
24.12.2021 17:34:01	263	14.1	0.000	0.075	6.542	0.000	60	14	0	0	26.3	750.0	
24.12.2021 17:34:03	265	14.1	0.000	0.075	6.542	0.000	60	14	0	0	26.3	750.0	
24.12.2021 17:34:05	267	14.5	0.000	0.075	6.472	0.000	58	14	0	0	26.2	750.2	
24.12.2021 17:34:06	268	14.8	0.000	0.075	6.472	0.000	58	13	0	0	26.4	750.1	
24.12.2021 17:34:07	269	15.4	0.000	0.075	6.472	0.000	63	13	0	0	26.4	750.2	
24.12.2021 17:34:09	271	15.7	0.000	0.075	6.163	0.000	63	13	0	0	26.4	750.1	
24.12.2021 17:34:10	272	16.0	0.000	0.075	6.163	0.000	63	13	0	0	26.4	750.2	
24.12.2021 17:34:12	274	16.4	0.000	0.075	6.163	0.000	63	13	0	0	26.3	750.3	
24.12.2021 17:34:13	275	16.4	0.000	0.075	6.163	0.000	63	13	0	0	26.3	750.3	
24.12.2021 17:34:14	276	17.2	0.000	0.075	5.543	0.000	63	11	0	0	26.4	750.0	
24.12.2021 17:34:16	278	17.8	0.000	0.065	5.543	0.000	61	11	0	0	26.3	749.6	
24.12.2021 17:34:17	279	18.0	0.000	0.065	4.614	0.000	61	9	0	0	26.4	749.9	
24.12.2021 17:34:19	281	18.0	0.000	0.065	4.614	0.000	61	9	0	0	26.4	749.9	
24.12.2021 17:34:21	283	18.9	0.000	0.054	3.546	0.000	59	9	0	0	26.5	749.7	
24.12.2021 17:34:23	285	18.9	0.000	0.054	3.546	0.000	59	8	0	0	26.5	749.7	
24.12.2021 17:34:24	286	19.3	0.000	0.054	3.546	0.000	54	8	0	0	26.4	750.0	
24.12.2021 17:34:25	287	19.5	0.000	0.043	3.546	0.000	54	8	0	0	26.3	749.8	
24.12.2021 17:34:27	289	19.6	0.000	0.043	2.567	0.000	54	5	0	0	26.4	750.0	
24.12.2021 17:34:28	290	19.6	0.000	0.043	2.567	0.000	54	5	0	0	26.4	750.0	
24.12.2021 17:34:30	292	19.6	0.000	0.043	2.567	0.000	54	5	0	0	26.4	750.0	
24.12.2021 17:34:32	294	19.6	0.000	0.043	2.567	0.000	54	5	0	0	26.4	750.0	
24.12.2021 17:34:34	296	20.2	0.000	0.032	1.209	0.000	54	5	0	0	26.2	750.2	
24.12.2021 17:34:36	298	20.2	0.000	0.032	1.209	0.000	54	4	0	0	26.2	750.2	
24.12.2021 17:34:37	299	20.2	0.000	0.032	1.209	0.000	54	4	0	0	26.2	750.2	
24.12.2021 17:34:38	300	20.3	0.000	0.022	0.829	0.000	54	4	0	0	26.1	750.3	
24.12.2021 17:34:40	302	20.3	0.000	0.022	0.829	0.000	57	3	0	0	26.3	750.0	
24.12.2021 17:34:41	303	20.3	0.000	0.022	0.589	0.000	57	3	0	0	26.3	750.2	
24.12.2021 17:34:43	305	20.3	0.000	0.022	0.589	0.000	57	3	0	0	26.2	750.1	
24.12.2021 17:34:44	306	20.2	0.000	0.022	0.589	0.000	58	3	0	0	26.2	749.9	
24.12.2021 17:34:45	307	20.2	0.000	0.022	0.589	0.000	58	3	0	0	26.2	749.9	
24.12.2021 17:34:47	309	19.7	0.000	0.022	0.479	0.000	61	3	0	0	26.3	749.9	
24.12.2021 17:34:49	311	19.3	0.000	0.022	0.539	0.000	61	3	0	0	26.1	749.9	
24.12.2021 17:34:50	312	19.3	0.000	0.022	0.539	0.000	61	3	0	0	26.1	749.9	
24.12.2021 17:34:51	313	19.0	0.000	0.022	0.539	0.000	61	3	0	0	26.4	750.1	
24.12.2021 17:34:53	315	18.4	0.000	0.022	0.829	0.000	66	3	0	0	26.2	749.8	
24.12.2021 17:34:54	316	18.0	0.000	0.022	0.829	0.000	66	5	0	0	26.3	750.3	
24.12.2021 17:34:56	318	17.4	0.000	0.032	0.829	0.000	63	5	0	0	26.3	750.3	
24.12.2021 17:34:58	320	16.6	0.000	0.032	1.448	0.000	63	6	0	0	26.2	750.0	
24.12.2021 17:34:59	321	16.3	0.000	0.032	1.448	0.000	62	6	0	0	26.1	750.0	
24.12.2021 17:35:00	322	16.3	0.000	0.032	1.448	0.000	62	6	0	0	26.1	750.0	
24.12.2021 17:35:02	324	15.5	0.000	0.043	2.427	0.000	62	7	0	0	26.2	749.9	
24.12.2021 17:35:03	325	15.2	0.000	0.043	2.427	0.000	60	7	0	0	26.1	749.8	
24.12.2021 17:35:04	326	15.2	0.000	0.043	2.427	0.000	60	7	0	0	26.1	749.8	
24.12.2021 17:35:05	327	14.6	0.000	0.054	3.596	0.000	60	10	0	3	26.2	749.9	
24.12.2021 17:35:07	329	14.4	0.000	0.054	3.596	0.000	60	10	0	3	26.0	749.7	
24.12.2021 17:35:08	330	14.4	0.000	0.054	3.596	0.000	60	10	0	3	26.0	749.7	
24.12.2021 17:35:09	331	13.9	0.000	0.065	4.734	0.000	59	10	0	3	26.3	750.2	
24.12.2021 17:35:10	332	13.8	0.000	0.065	4.734	0.000	59	10	0	1	26.3	750.3	
24.12.2021 17:35:12	334	13.8	0.000	0.065	4.734	0.000	59	10	0	1	26.3	750.3	
24.12.2021 17:35:13	335	13.5	0.000	0.075	5.673	0.000	65	10	0	1	26.2	750.1	
24.12.2021 17:35:14	336	13.4	0.000	0.075	5.673	0.000	65	11	0	2	26.2	750.0	
24.12.2021 17:35:15	337	13.3	0.000	0.075	5.673	0.000	65	11	0	2	26.3	750.2	
24.12.2021 17:35:17	339	13.3	0.000	0.075	5.673	0.000	65	11	0	2	26.3	750.2	
24.12.2021 17:35:19	341	13.0	0.000	0.075	6.372	0.000	67	12	0	3	26.2	750.2	
24.12.2021 17:35:20	342	13.0	0.000	0.075	6.372	0.000	67	12	0	3	26.3	750.3	
24.12.2021 17:35:21	343	12.9	0.000	0.075	6.842	0.000	67	12	0	3	26.3	750.1	
24.12.2021 17:35:22	344	12.9	0.000	0.075	6.842	0.000	67	11	0	0	26.1	750.1	
24.12.2021 17:35:23	345	12.8	0.000	0.075	6.842	0.000	62	11	0	0	26.4	750.0	
24.12.2021 17:35:24	346	12.8	0.000	0.075	6.842	0.000	62	11	0	0	26.4	750.0	
24.12.2021 17:35:26	348	12.8	0.000	0.086	7.141	0.000	62	12	0	1	26.5	750.2	
24.12.2021 17:35:27	349	12.8	0.000	0.086	7.141	0.000	62	12	0	1	26.5	750.2	
24.12.2021 17:35:29	351	12.7	0.000	0.086	7.341	0.000	55	12	0	0	26.3	750.1	
24.12.2021 17:35:31	353	12.7	0.000	0.086	7.341	0.000	55	12	0	0	26.3	750.1	
24.12.2021 17:35:32	354	12.7	0.000	0.086	7.341	0.000	55	12	0	0	26.3	750.1	
24.12.2021 17:35:34	356	12.7	0.000	0.086	7.341	0.000	55	12	0	0	26.3	750.1	
24.12.2021 17:35:35	357	12.6	0.000	0.086	7.471	0.000	51	12	0	0	26.4	749.9	
24.12.2021 17:35:37	359	12.6	0.000	0.086	7.471	0.000	51	12	0	0	26.4	749.9	
24.12.2021 17:35:39	361	12.6	0.000	0.086	7.561	0.000	50	12	0	0	26.2	750.2	
24.12.2021 17:35:40	362	12.6	0.000	0.097	7.561	0.000	50	12	0	0	26.3	750.1	
24.12.2021 17:35:42	364	12.6	0.000	0.097	7.631	0.000	50	12	0	0	26.4	750.2	
24.12.2021 17:35:43	365	12.6	0.000	0.097	7.631	0.000	52	12	0	0	26.3	749.9	
24.12.2021 17:35:44	366	12.6	0.000	0.097	7.631	0.000	52	12	0	0	26.3	749.9	
24.12.2021 17:35:45	367	12.5	0.000	0.097	7.661	0.000	52	12	0	0	26.2	749.9	
24.12.2021 17:35:46	368	12.5	0.000	0.097	7.661	0.000	52	12	0	0	26.2	749.9	
24.12.2021 17:35:47	369	12.5	0.000	0.097	7.661	0.000	52	12	0	1	26.2	749.9	
24.12.2021 17:35:48	370	12.5	0.000	0.097	7.661	0.000	52	12	0	1	26.2	749.9	
24.12.2021 17:35:49	371	12.5	0.000	0.086	7.691	0.000	51	12	0	1	26.3	750.3	
24.12.2021 17:35:50	372	12.5	0.000	0.086	7.691	0.000	51	12	0	1	26.4	750.3	
24.12.2021 17:35:51	373	12.5	0.000	0.086	7.691	0.000	49	12	0	0	26.3	750.6	
24.12.2021 17:35:52	374	12.5	0.000	0.086	7.691	0.000	49	12	0	0	26.3	750.6	
24.12.2021 17:35:53	375	12.5	0.000	0.097	7.711	0.000	49	12	0	0	26.2	750.1	
24.12.2021 17:35:55	377	12.5	0.000	0.097	7.711	0.000	49	12	0	2	26.2	750.1	
24.12.2021 17:35:56	378	12.5	0.000	0.086	7.711	0.000	49	12	0	2	26.1	750.1	
24.12.2021 17:35:58	380	12.6	0.000	0.086	7.701	0.000	49	12	0	2	26.4	749.8	
24.12.2021 17:35:59	381	12.6	0.000	0.086	7.701	0.000	49	12	0	1	26.4	749.8	
24.12.2021 17:36:00	382	12.6	0.000	0.086	7.701	0.000	49	12	0	1	26.4	749.8	
24.12.2021 17:36:01	383	12.6	0.000	0.086	7.711	0.000	49	12	0	1	26.5	749.9	
24.12.2021 17:36:02	384	12.6	0.000	0.086	7.711	0.000	49	12	0	1	26.2	749.5	
24.12.2021 17:36:03	385	12.6	0.000	0.086	7.711	0.000	49	12	0	0	26.2	749.5	
24.12.2021 17:36:04	386	12.6	0.000	0.086	7.711	0.000	49	12	0	0	26.2	749.5	
24.12.2021 17:36:06	388	12.6	0.000	0.097	7.711	0.000	50	12	0	0	26.1	750.0	
24.12.2021 17:36:08	390	12.6	0.000	0.097	7.711	0.000	50	12	0	0	26.1	750.0	
24.12.2021 17:36:10	392	12.5	0.000	0.086	7.711	0.000	52	12	0	0	26.2	750.0	
24.12.2021 17:36:11	393	12.5	0.000	0.086	7.711	0.000	54	12	0	0	26.2	750.1	
24.12.2021 17:36:13	395	12.5	0.000	0.086	7.711	0.000	54	12	0	0	26.1	750.2	
24.12.2021 17:36:14	396	12.5	0.000	0.086	7.711	0.000	54	12	0	0	26.1	750.2	
24.12.2021 17:36:15	397	12.6	0.000	0.086	7.721	0.000	57	12	0	0	26.1	750.0	
24.12.2021 17:36:17	399	12.6	0.000	0.086	7.721	0.000	57	11	0	0	26.2	749.8	
24.12.2021 17:36:18	400	12.6	0.000	0.086	7.721	0.000	57	11	0	0	26.2	749.8	
24.12.2021 17:36:20	402	13.1	0.000	0.086	7.721	0.000	58	12	0	0	26.3	750.3	
24.12.2021 17:36:21	403	13.3	0.000	0.086	7.621	0.000	58	12	0	0	26.4	750.1	
24.12.2021 17:36:23	405	13.9	0.000	0.086	7.621	0.000	57	12	0	0	26.2	750.2	
24.12.2021 17:36:24	406	14.2	0.000	0.086	7.621	0.000	57	12	0	0	26.3	750.1	
24.12.2021 17:36:25	407	14.6	0.000	0.086	7.281	0.000	57	12	0	0	26.3	750.0	
24.12.2021 17:36:26	408	14.6	0.000	0.086	7.281	0.000	57	12	0	0	26.3	750.0	
24.12.2021 17:36:28	410	15.7	0.000	0.075	7.281	0.000	59	10	0	0	26.3	749.9	
24.12.2021 17:36:30	412	16.5	0.000	0.075	6.582	0.000	59	10	0	0	26.3	749.9	
24.12.2021 17:36:31	413	16.5	0.000	0.075	6.582	0.000	59	10	0	0	26.3	749.9	
24.12.2021 17:36:33	415	17.3	0.000	0.075	5.523	0.000	61	9	0	0	26.1	749.8	
24.12.2021 17:36:34	416	17.3	0.000	0.075	5.523	0.000	61	9	0	0	26.1	749.8	
24.12.2021 17:36:35	417	17.3	0.000	0.075	5.523	0.000	61	9	0	0	26.1	749.8	
24.12.2021 17:36:37	419	18.5	0.000	0.065	4.285	0.000	62	7	0	0	26.2	749.8	
24.12.2021 17:36:38	420	18.7	0.000	0.065	4.285	0.000	62	7	0	0	26.1	749.8	
24.12.2021 17:36:39	421	18.9	0.000	0.065	4.285	0.000	62	7	0	0	26.1	749.8	
24.12.2021 17:36:40	422	18.9	0.000	0.065	4.285	0.000	62	6	0	0	26.1	749.8	
24.12.2021 17:36:41	423	18.9	0.000	0.065	4.285	0.000	62	6	0	0	26.1	749.8	
24.12.2021 17:36:42	424	19.3	0.000	0.054	3.116	0.000	62	6	0	0	26.1	749.6	
24.12.2021 17:36:43	425	19.3	0.000	0.054	3.116	0.000	62	6	0	0	26.1	749.6	
24.12.2021 17:36:44	426	19.6	0.000	0.043	2.167	0.000	56	4	0	0	26.1	749.8	
24.12.2021 17:36:46	428	19.8	0.000	0.043	2.167	0.000	53	4	0	0	26.0	749.9	
24.12.2021 17:36:47	429	19.8	0.000	0.043	2.167	0.000	53	4	0	0	26.0	749.9	
24.12.2021 17:36:49	431	20.0	0.000	0.032	1.478	0.000	53	3	0	0	26.1	750.0	
24.12.2021 17:36:50	432	20.0	0.000	0.032	1.478	0.000	53	3	0	0	26.2	750.1	
24.12.2021 17:36:52	434	20.2	0.000	0.032	1.478	0.000	48	3	0	0	26.3	750.0	
24.12.2021 17:36:54	436	20.2	0.000	0.032	1.009	0.000	48	3	0	0	26.2	749.9	
24.12.2021 17:36:55	437	20.2	0.000	0.032	1.009	0.000	48	3	0	0	26.2	749.9	
24.12.2021 17:36:56	438	20.2	0.000	0.032	1.009	0.000	48	2	0	2	26.2	749.9	
24.12.2021 17:36:58	440	20.3	0.000	0.022	0.709	0.000	48	2	0	2	26.3	750.3	
24.12.2021 17:36:59	441	20.3	0.000	0.022	0.709	0.000	50	2	0	4	26.1	750.1	
24.12.2021 17:37:01	443	20.2	0.000	0.022	0.559	0.000	50	2	0	4	26.3	750.2	
24.12.2021 17:37:03	445	20.0	0.000	0.022	0.559	0.000	50	2	0	6	26.1	749.9	
24.12.2021 17:37:04	446	20.0	0.000	0.022	0.559	0.000	50	2	0	6	26.1	749.9	
24.12.2021 17:37:06	448	19.6	0.000	0.022	0.499	0.000	50	2	0	6	26.3	749.7	
24.12.2021 17:37:08	450	19.3	0.000	0.022	0.499	0.000	54	2	0	5	26.3	750.1	
24.12.2021 17:37:09	451	18.5	0.000	0.022	0.629	0.000	54	2	0	5	26.2	750.0	
24.12.2021 17:37:10	452	18.5	0.000	0.022	0.629	0.000	54	2	0	5	26.2	750.0	
24.12.2021 17:37:11	453	18.1	0.000	0.022	0.629	0.000	56	3	0	7	26.1	749.8	
24.12.2021 17:37:13	455	17.7	0.000	0.022	0.629	0.000	56	3	0	7	26.1	749.8	
24.12.2021 17:37:14	456	16.7	0.000	0.022	1.039	0.000	58	3	0	7	26.2	749.8	
24.12.2021 17:37:15	457	16.2	0.000	0.032	1.039	0.000	58	5	0	7	26.2	750.1	
24.12.2021 17:37:17	459	15.8	0.000	0.032	1.858	0.000	58	5	0	7	26.2	750.0	
24.12.2021 17:37:18	460	15.8	0.000	0.032	1.858	0.000	58	5	0	7	26.2	750.0	
24.12.2021 17:37:20	462	14.4	0.000	0.054	1.858	0.000	58	6	0	7	26.2	750.1	
24.12.2021 17:37:22	464	14.1	0.000	0.054	3.096	0.000	58	6	0	7	26.3	750.0	
24.12.2021 17:37:23	465	14.1	0.000	0.054	3.096	0.000	58	7	0	6	26.3	750.0	
24.12.2021 17:37:25	467	13.1	0.000	0.075	4.544	0.000	56	7	0	6	26.4	750.4	
24.12.2021 17:37:27	469	12.8	0.000	0.075	4.544	0.000	56	8	0	3	26.2	750.4	
24.12.2021 17:37:29	471	12.3	0.000	0.086	5.883	0.000	53	8	0	3	26.2	750.2	
24.12.2021 17:37:30	472	12.2	0.000	0.086	5.883	0.000	53	8	0	3	26.3	750.1	
24.12.2021 17:37:31	473	12.2	0.000	0.086	5.883	0.000	53	8	1	7	26.3	750.1	
24.12.2021 17:37:33	475	11.7	0.000	0.108	6.942	0.000	48	8	1	7	26.2	750.2	
24.12.2021 17:37:34	476	11.6	0.000	0.108	6.942	0.000	44	9	1	3	26.5	750.1	
24.12.2021 17:37:35	477	11.6	0.000	0.108	6.942	0.000	44	9	1	3	26.5	750.1	
24.12.2021 17:37:37	479	11.6	0.000	0.108	6.942	0.000	44	9	1	3	26.5	750.1	
24.12.2021 17:37:39	481	11.6	0.000	0.108	6.942	0.000	44	9	1	3	26.5	750.1	
24.12.2021 17:37:40	482	11.6	0.000	0.108	6.942	0.000	44	9	1	3	26.5	750.1	
24.12.2021 17:37:41	483	11.6	0.000	0.108	6.942	0.000	44	9	1	3	26.5	750.1	
24.12.2021 17:37:42	484	11.6	0.000	0.108	6.942	0.000	44	9	1	3	26.5	750.1	
24.12.2021 17:37:44	486	11.1	0.000	0.140	8.540	0.000	48	10	1	2	26.3	750.0	
24.12.2021 17:37:45	487	11.0	0.000	0.140	8.540	0.000	48	10	1	2	26.3	750.1	
24.12.2021 17:37:46	488	11.0	0.000	0.140	8.540	0.000	54	10	1	2	26.2	750.1	
24.12.2021 17:37:48	490	11.0	0.000	0.151	8.540	0.000	54	9	1	0	26.3	750.1	
24.12.2021 17:37:49	491	10.9	0.000	0.151	8.769	0.000	54	9	1	0	26.3	750.1	
24.12.2021 17:37:51	493	10.8	0.000	0.151	8.769	0.000	57	9	1	0	26.4	750.2	
24.12.2021 17:37:52	494	10.8	0.000	0.151	8.769	0.000	57	9	1	0	26.4	750.2	
24.12.2021 17:37:53	495	10.8	0.000	0.151	8.769	0.000	57	9	1	0	26.4	750.2	
24.12.2021 17:37:54	496	10.8	0.000	0.151	8.769	0.000	57	9	1	0	26.4	750.2	
24.12.2021 17:37:55	497	10.8	0.000	0.151	8.929	0.000	58	9	1	0	26.3	749.8	
24.12.2021 17:37:56	498	10.8	0.000	0.162	8.929	0.000	58	9	1	0	26.3	750.3	
24.12.2021 17:37:57	499	10.8	0.000	0.162	9.039	0.000	58	9	1	0	26.4	750.3	
24.12.2021 17:37:58	500	10.7	0.000	0.162	9.039	0.000	54	9	1	0	26.4	750.1	
24.12.2021 17:38:00	502	10.7	0.000	0.162	9.039	0.000	54	9	1	0	26.3	750.1	
24.12.2021 17:38:02	504	10.7	0.000	0.162	9.139	0.000	54	9	1	0	26.1	750.1	
24.12.2021 17:38:03	505	10.7	0.000	0.162	9.139	0.000	50	9	1	0	26.2	750.1	
24.12.2021 17:38:05	507	10.7	0.000	0.162	9.139	0.000	50	9	1	1	26.3	750.1	
24.12.2021 17:38:07	509	10.7	0.000	0.162	9.139	0.000	50	9	1	1	26.3	750.1	
24.12.2021 17:38:08	510	10.7	0.000	0.162	9.239	0.000	44	9	1	2	26.3	750.3	
24.12.2021 17:38:10	512	10.7	0.000	0.162	9.239	0.000	43	9	1	2	26.2	750.1	
24.12.2021 17:38:12	514	10.7	0.000	0.162	9.269	0.000	43	9	1	0	26.2	750.0	
24.12.2021 17:38:13	515	10.7	0.000	0.162	9.269	0.000	43	9	1	0	26.1	749.5	
24.12.2021 17:38:14	516	10.7	0.000	0.162	9.269	0.000	43	9	1	0	26.1	749.5	
24.12.2021 17:38:15	517	10.7	0.000	0.162	9.269	0.000	44	9	1	0	26.1	749.6	
24.12.2021 17:38:16	518	10.7	0.000	0.162	9.269	0.000	44	9	1	0	26.1	749.6	
24.12.2021 17:38:17	519	10.7	0.000	0.162	9.289	0.000	44	9	1	0	26.2	749.7	
24.12.2021 17:38:18	520	10.6	0.000	0.162	9.289	0.000	42	9	1	0	26.1	749.8	
24.12.2021 17:38:20	522	10.6	0.000	0.162	9.289	0.000	42	9	1	2	26.1	749.8	
24.12.2021 17:38:21	523	10.6	0.000	0.162	9.299	0.000	42	9	1	2	26.0	750.0	
24.12.2021 17:38:22	524	10.6	0.000	0.162	9.299	0.000	48	9	1	2	26.1	750.1	
24.12.2021 17:38:23	525	10.6	0.000	0.172	9.299	0.000	48	9	1	0	26.2	750.0	
24.12.2021 17:38:25	527	10.6	0.000	0.172	9.329	0.000	48	9	1	0	26.3	750.0	
24.12.2021 17:38:26	528	10.6	0.000	0.172	9.329	0.000	48	9	1	0	26.3	750.0	
24.12.2021 17:38:27	529	10.6	0.000	0.172	9.329	0.000	48	9	1	0	26.3	750.0	
24.12.2021 17:38:29	531	10.6	0.000	0.172	9.339	0.000	48	9	1	0	26.1	750.3	
24.12.2021 17:38:30	532	10.6	0.000	0.172	9.339	0.000	49	9	1	0	26.1	750.2	
24.12.2021 17:38:31	533	10.6	0.000	0.172	9.339	0.000	49	9	1	0	26.1	750.2	
24.12.2021 17:38:32	534	10.6	0.000	0.172	9.339	0.000	49	9	1	1	26.1	750.2	
24.12.2021 17:38:34	536	10.6	0.000	0.172	9.339	0.000	49	9	1	1	26.1	750.2	
24.12.2021 17:38:35	537	11.0	0.000	0.172	9.369	0.000	48	9	1	1	26.1	750.2	
24.12.2021 17:38:36	538	11.2	0.000	0.172	9.369	0.000	48	9	1	3	26.2	750.2	
24.12.2021 17:38:37	539	11.5	0.000	0.172	9.299	0.000	48	9	1	3	26.3	750.1	
24.12.2021 17:38:38	540	11.8	0.000	0.172	9.299	0.000	48	9	1	3	26.2	750.0	
24.12.2021 17:38:40	542	12.7	0.000	0.162	8.989	0.000	45	9	1	3	26.2	749.9	
24.12.2021 17:38:41	543	13.1	0.000	0.162	8.989	0.000	45	9	1	3	26.1	750.1	
24.12.2021 17:38:43	545	14.1	0.000	0.151	8.989	0.000	46	9	1	4	26.2	750.0	
24.12.2021 17:38:45	547	14.1	0.000	0.151	8.989	0.000	46	9	1	4	26.2	750.0	
24.12.2021 17:38:47	549	15.3	0.000	0.151	8.230	0.000	46	7	0	4	26.2	749.9	
24.12.2021 17:38:48	550	16.4	0.000	0.129	7.021	0.000	45	7	0	4	26.1	750.1	
24.12.2021 17:38:49	551	16.4	0.000	0.129	7.021	0.000	45	7	0	4	26.1	750.1	
24.12.2021 17:38:51	553	17.3	0.000	0.097	7.021	0.000	46	7	0	4	26.3	750.2	
24.12.2021 17:38:52	554	17.3	0.000	0.097	7.021	0.000	46	5	0	4	26.3	750.2	
24.12.2021 17:38:53	555	17.3	0.000	0.097	7.021	0.000	46	5	0	4	26.3	750.2	
24.12.2021 17:38:54	556	18.1	0.000	0.097	5.543	0.000	46	5	0	4	26.5	749.9	
24.12.2021 17:38:56	558	18.6	0.000	0.075	4.075	0.000	44	5	0	3	26.6	750.4	
24.12.2021 17:38:58	560	18.9	0.000	0.075	4.075	0.000	44	5	0	3	26.7	750.2	
24.12.2021 17:39:00	562	18.9	0.000	0.075	4.075	0.000	44	3	0	3	26.7	750.2	
24.12.2021 17:39:01	563	19.5	0.000	0.065	2.857	0.000	45	3	0	3	26.6	750.4	
24.12.2021 17:39:03	565	19.6	0.000	0.065	2.857	0.000	46	3	0	3	26.7	750.4	
24.12.2021 17:39:04	566	19.6	0.000	0.065	2.857	0.000	46	2	0	3	26.7	750.4	
24.12.2021 17:39:06	568	19.8	0.000	0.054	1.958	0.000	46	2	0	3	26.6	749.8	
24.12.2021 17:39:08	570	20.0	0.000	0.043	1.958	0.000	51	2	0	3	26.7	750.2	
24.12.2021 17:39:10	572	20.1	0.000	0.043	1.338	0.000	57	2	0	7	26.6	750.4	
24.12.2021 17:39:11	573	20.2	0.000	0.032	1.338	0.000	57	2	0	7	26.4	750.2	
24.12.2021 17:39:12	574	20.2	0.000	0.032	1.338	0.000	57	2	0	7	26.4	750.2	
24.12.2021 17:39:13	575	20.2	0.000	0.032	1.338	0.000	57	2	0	9	26.4	750.2	
24.12.2021 17:39:14	576	20.2	0.000	0.032	0.929	0.000	57	2	0	9	26.6	750.2	
24.12.2021 17:39:16	578	20.2	0.000	0.022	0.679	0.000	58	2	0	9	26.9	750.1	
24.12.2021 17:39:17	579	20.2	0.000	0.022	0.679	0.000	58	1	0	10	26.8	750.2	
24.12.2021 17:39:19	581	20.2	0.000	0.022	0.679	0.000	58	1	0	10	26.8	750.2	
24.12.2021 17:39:20	582	20.2	0.000	0.022	0.679	0.000	58	1	0	10	26.8	750.2	
24.12.2021 17:39:22	584	19.7	0.000	0.022	0.549	0.000	55	2	0	8	26.6	749.8	
24.12.2021 17:39:23	585	19.4	0.000	0.022	0.549	0.000	55	2	0	8	26.7	749.9	
24.12.2021 17:39:24	586	19.1	0.000	0.022	0.599	0.000	55	2	0	8	26.7	749.9	
24.12.2021 17:39:25	587	18.8	0.000	0.022	0.599	0.000	55	2	0	8	26.7	750.3	
24.12.2021 17:39:27	589	18.4	0.000	0.022	0.599	0.000	53	2	0	8	26.7	749.9	
24.12.2021 17:39:28	590	18.0	0.000	0.032	0.599	0.000	53	2	0	8	26.7	749.9	
24.12.2021 17:39:29	591	18.0	0.000	0.032	0.599	0.000	53	3	0	12	26.7	749.9	
24.12.2021 17:39:31	593	16.9	0.000	0.032	0.919	0.000	55	3	0	12	26.7	749.6	
24.12.2021 17:39:33	595	15.6	0.000	0.043	1.638	0.000	55	4	0	10	26.6	750.1	
24.12.2021 17:39:34	596	15.1	0.011	0.043	1.638	0.000	56	4	0	10	26.6	750.0	
24.12.2021 17:39:35	597	14.5	0.002	0.065	1.638	0.000	56	4	0	10	26.5	750.2	
24.12.2021 17:39:37	599	14.5	0.002	0.065	1.638	0.000	56	4	1	7	26.5	750.2	
24.12.2021 17:39:39	601	12.9	0.000	0.097	2.867	0.000	58	4	1	7	26.2	750.2	
24.12.2021 17:39:40	602	12.5	0.000	0.097	4.465	0.000	58	4	1	7	26.3	750.1	
24.12.2021 17:39:41	603	12.2	0.000	0.097	4.465	0.000	58	5	1	4	26.2	750.1	
24.12.2021 17:39:42	604	11.7	0.000	0.097	4.465	0.000	59	5	1	4	26.3	750.3	
24.12.2021 17:39:43	605	11.4	0.000	0.151	4.465	0.000	59	5	1	4	26.1	750.2	
24.12.2021 17:39:44	606	11.2	0.000	0.151	6.113	0.000	59	5	1	3	26.3	750.1	
24.12.2021 17:39:45	607	10.9	0.000	0.151	6.113	0.000	59	5	1	3	26.1	750.2	
24.12.2021 17:39:46	608	10.6	0.000	0.151	6.113	0.000	59	5	1	3	26.3	750.3	
24.12.2021 17:39:48	610	10.2	0.000	0.205	7.551	0.000	59	5	2	0	26.3	749.8	
24.12.2021 17:39:49	611	10.2	0.000	0.205	7.551	0.000	59	5	2	0	26.3	749.8	
24.12.2021 17:39:50	612	10.2	0.000	0.205	7.551	0.000	59	5	2	0	26.3	749.8	
24.12.2021 17:39:51	613	9.8	0.000	0.259	7.551	0.000	58	5	2	0	26.3	749.9	
24.12.2021 17:39:52	614	9.7	0.000	0.259	8.669	0.000	58	6	2	0	26.3	749.9	
24.12.2021 17:39:53	615	9.6	0.000	0.259	8.669	0.000	58	6	2	0	26.2	750.1	
24.12.2021 17:39:55	617	9.6	0.000	0.259	8.669	0.000	58	6	2	0	26.2	750.1	
24.12.2021 17:39:56	618	9.4	0.000	0.302	9.449	0.000	58	6	2	0	26.2	750.3	
24.12.2021 17:39:58	620	9.4	0.000	0.302	9.449	0.000	58	6	2	0	26.2	750.3	
24.12.2021 17:39:59	621	9.4	0.000	0.302	9.449	0.000	58	6	2	0	26.2	750.3	
24.12.2021 17:40:00	622	9.4	0.000	0.302	9.449	0.000	58	6	2	0	26.2	750.3	
24.12.2021 17:40:01	623	9.4	0.000	0.302	9.449	0.000	58	6	2	0	26.2	750.3	
24.12.2021 17:40:03	625	9.0	0.029	0.356	9.958	0.000	58	6	2	0	26.1	750.3	
24.12.2021 17:40:05	627	8.9	0.030	0.356	10.258	0.000	58	5	2	0	26.2	749.8	
24.12.2021 17:40:06	628	8.9	0.030	0.356	10.258	0.000	58	5	2	0	26.2	749.8	
24.12.2021 17:40:07	629	8.8	0.030	0.366	10.258	0.000	58	5	2	0	26.4	750.4	
24.12.2021 17:40:09	631	8.8	0.030	0.366	10.467	0.000	58	5	2	0	26.2	750.4	
24.12.2021 17:40:10	632	8.7	0.030	0.366	10.467	0.000	59	5	2	0	26.2	750.4	
24.12.2021 17:40:12	634	8.7	0.029	0.377	10.617	0.000	59	5	2	0	26.2	750.3	
24.12.2021 17:40:14	636	8.7	0.029	0.377	10.617	0.000	60	5	2	0	26.3	750.6	
24.12.2021 17:40:15	637	8.6	0.028	0.388	10.617	0.000	60	5	2	0	26.3	750.2	
24.12.2021 17:40:16	638	8.6	0.028	0.388	10.727	0.000	60	6	2	0	26.3	750.1	
24.12.2021 17:40:17	639	8.6	0.028	0.388	10.727	0.000	60	6	2	0	26.3	750.1	
24.12.2021 17:40:18	640	8.6	0.028	0.388	10.727	0.000	59	6	2	0	26.4	750.1	
24.12.2021 17:40:19	641	8.6	0.028	0.388	10.727	0.000	59	6	2	0	26.4	750.1	
24.12.2021 17:40:20	642	8.6	0.028	0.388	10.727	0.000	59	6	2	0	26.4	750.1	
24.12.2021 17:40:21	643	8.6	0.028	0.388	10.727	0.000	59	6	2	0	26.4	750.1	
24.12.2021 17:40:23	645	8.6	0.028	0.399	10.817	0.000	60	6	2	0	26.5	749.9	
24.12.2021 17:40:25	647	8.6	0.028	0.399	10.867	0.000	60	5	2	0	26.4	750.4	
24.12.2021 17:40:27	649	8.6	0.028	0.399	10.867	0.000	61	5	2	0	26.5	750.4	
24.12.2021 17:40:29	651	8.6	0.028	0.399	10.867	0.000	61	5	2	0	26.4	750.2	
24.12.2021 17:40:30	652	8.6	0.028	0.399	10.867	0.000	61	5	2	0	26.4	750.2	
24.12.2021 17:40:31	653	8.6	0.028	0.399	10.867	0.000	61	5	2	0	26.4	750.2	
24.12.2021 17:40:33	655	8.6	0.028	0.399	10.877	0.000	60	5	2	3	26.4	750.2	
24.12.2021 17:40:35	657	8.6	0.028	0.399	10.877	0.000	60	5	2	3	26.4	750.2	
24.12.2021 17:40:37	659	8.6	0.028	0.399	10.877	0.000	58	6	2	3	26.3	750.4	
24.12.2021 17:40:38	660	8.6	0.028	0.399	10.877	0.000	58	6	2	3	26.5	750.4	
24.12.2021 17:40:40	662	8.6	0.028	0.399	10.877	0.000	58	6	2	3	26.5	750.4	
24.12.2021 17:40:42	664	8.5	0.028	0.399	10.897	0.000	58	5	2	2	26.5	750.1	
24.12.2021 17:40:44	666	8.5	0.028	0.399	10.897	0.000	58	5	2	2	26.5	750.1	
24.12.2021 17:40:45	667	8.4	0.027	0.409	10.967	0.000	58	6	2	3	26.5	750.4	
24.12.2021 17:40:46	668	8.4	0.027	0.409	10.967	0.000	58	6	2	3	26.5	750.4	
24.12.2021 17:40:47	669	8.4	0.027	0.409	10.967	0.000	58	6	2	3	26.5	750.4	
24.12.2021 17:40:48	670	8.4	0.027	0.409	11.037	0.000	57	6	2	3	26.3	750.7	
24.12.2021 17:40:49	671	8.4	0.027	0.409	11.037	0.000	57	6	2	3	26.3	750.8	
24.12.2021 17:40:50	672	8.4	0.027	0.409	11.037	0.000	57	6	2	3	26.3	750.8	
24.12.2021 17:40:51	673	8.8	0.026	0.420	11.037	0.000	58	6	2	3	26.3	750.7	
24.12.2021 17:40:52	674	9.1	0.026	0.420	11.057	0.000	58	6	2	3	26.2	750.6	
24.12.2021 17:40:53	675	9.5	0.026	0.420	11.057	0.000	56	5	2	4	26.1	750.4	
24.12.2021 17:40:55	677	10.0	0.027	0.409	11.057	0.000	56	5	2	4	26.2	750.4	
24.12.2021 17:40:56	678	10.5	0.027	0.409	10.757	0.000	56	5	2	4	26.5	750.4	
24.12.2021 17:40:57	679	10.5	0.027	0.409	10.757	0.000	56	6	2	3	26.5	750.4	
24.12.2021 17:40:59	681	12.8	0.028	0.388	10.757	0.000	55	6	2	3	26.4	750.5	
24.12.2021 17:41:00	682	12.8	0.028	0.388	10.757	0.000	55	6	2	3	26.4	750.5	
24.12.2021 17:41:01	683	12.8	0.028	0.388	10.757	0.000	55	5	2	3	26.4	750.5	
24.12.2021 17:41:03	685	14.9	0.024	0.323	9.878	0.000	54	5	2	3	26.5	750.4	
24.12.2021 17:41:04	686	15.4	0.021	0.323	8.390	0.000	54	5	2	3	26.3	750.2	
24.12.2021 17:41:05	687	15.4	0.021	0.323	8.390	0.000	54	4	1	0	26.3	750.2	
24.12.2021 17:41:07	689	16.6	0.021	0.248	8.390	0.000	55	4	1	0	26.4	750.0	
24.12.2021 17:41:09	691	17.3	0.015	0.248	6.582	0.000	55	3	1	0	26.3	750.0	
24.12.2021 17:41:10	692	17.6	0.017	0.248	6.582	0.000	56	3	1	0	26.2	750.2	
24.12.2021 17:41:12	694	17.6	0.017	0.248	6.582	0.000	56	3	1	0	26.2	750.2	
24.12.2021 17:41:13	695	17.6	0.017	0.248	6.582	0.000	56	3	0	0	26.2	750.2	
24.12.2021 17:41:14	696	18.7	0.000	0.183	4.834	0.000	56	3	0	0	26.3	749.9	
24.12.2021 17:41:15	697	18.7	0.000	0.183	4.834	0.000	56	3	0	0	26.3	749.9	
24.12.2021 17:41:16	698	18.7	0.000	0.183	4.834	0.000	56	3	0	0	26.3	749.9	
24.12.2021 17:41:17	699	19.2	0.000	0.129	3.396	0.000	56	2	0	0	26.1	749.9	
24.12.2021 17:41:18	700	19.3	0.000	0.129	3.396	0.000	57	2	0	0	26.2	749.8	
24.12.2021 17:41:20	702	19.6	0.000	0.086	2.337	0.000	57	2	0	0	26.3	750.1	
24.12.2021 17:41:21	703	19.6	0.000	0.086	2.337	0.000	57	1	0	0	26.3	750.1	
24.12.2021 17:41:23	705	19.6	0.000	0.086	2.337	0.000	57	1	0	0	26.3	750.1	
24.12.2021 17:41:24	706	19.9	0.000	0.065	1.598	0.000	56	1	0	0	26.1	750.1	
24.12.2021 17:41:25	707	19.9	0.000	0.065	1.598	0.000	56	1	0	0	26.1	750.1	
24.12.2021 17:41:27	709	20.0	0.000	0.054	1.598	0.000	58	1	0	0	26.2	750.2	
24.12.2021 17:41:29	711	20.1	0.000	0.054	1.129	0.000	58	1	0	0	26.2	750.0	
24.12.2021 17:41:30	712	20.2	0.000	0.054	1.129	0.000	58	1	0	0	26.3	750.4	
24.12.2021 17:41:32	714	20.3	0.000	0.043	0.809	0.000	58	1	0	0	26.1	750.2	
24.12.2021 17:41:33	715	20.3	0.000	0.043	0.809	0.000	59	1	0	0	26.1	750.3	
24.12.2021 17:41:34	716	20.3	0.000	0.043	0.809	0.000	59	1	0	0	26.1	750.3	
24.12.2021 17:41:35	717	20.3	0.000	0.032	0.809	0.000	59	1	0	0	26.1	750.1	
24.12.2021 17:41:36	718	20.3	0.000	0.032	0.609	0.000	59	1	0	0	26.1	750.0	
24.12.2021 17:41:38	720	20.1	0.000	0.032	0.609	0.000	60	1	0	0	26.2	750.1	
24.12.2021 17:41:39	721	19.8	0.000	0.032	0.549	0.000	60	1	0	0	26.2	750.2	
24.12.2021 17:41:41	723	19.3	0.000	0.032	0.549	0.000	59	0	0	0	26.1	750.2	
24.12.2021 17:41:43	725	19.3	0.000	0.032	0.549	0.000	59	0	0	0	26.1	750.2	
24.12.2021 17:41:45	727	17.5	0.000	0.032	0.689	0.000	59	1	0	0	26.2	749.7	
24.12.2021 17:41:46	728	16.9	0.000	0.054	0.689	0.000	58	1	0	0	26.2	749.8	
24.12.2021 17:41:47	729	16.2	0.000	0.054	1.219	0.000	58	1	0	0	26.4	749.8	
24.12.2021 17:41:48	730	16.2	0.000	0.054	1.219	0.000	58	1	0	0	26.4	749.8	
24.12.2021 17:41:49	731	16.2	0.000	0.054	1.219	0.000	58	2	1	0	26.4	749.8	
24.12.2021 17:41:51	733	13.8	0.035	0.108	1.219	0.000	57	2	1	0	26.2	750.0	
24.12.2021 17:41:52	734	13.2	0.043	0.108	2.327	0.000	57	3	1	0	26.2	750.6	
24.12.2021 17:41:54	736	11.9	0.039	0.226	2.327	0.000	56	3	1	0	26.3	750.3	
24.12.2021 17:41:56	738	11.3	0.058	0.226	4.115	0.000	56	3	1	0	26.1	750.3	
24.12.2021 17:41:57	739	11.3	0.058	0.226	4.115	0.000	56	3	2	0	26.1	750.3	
24.12.2021 17:41:58	740	10.0	0.100	0.226	4.115	0.000	56	3	2	0	26.4	750.0	
24.12.2021 17:42:00	742	9.6	0.085	0.420	4.115	0.000	56	3	2	0	26.3	750.0	
24.12.2021 17:42:02	744	8.6	0.115	0.420	6.242	0.000	58	3	2	0	26.2	750.0	
24.12.2021 17:42:03	745	8.2	0.110	0.657	6.242	0.000	58	3	2	0	26.1	750.0	
24.12.2021 17:42:05	747	8.0	0.117	0.657	8.200	0.000	58	3	3	0	26.2	749.9	
24.12.2021 17:42:07	749	7.3	0.106	0.883	8.200	0.000	58	3	3	0	26.2	750.1	
24.12.2021 17:42:09	751	6.9	0.123	0.883	9.758	0.000	58	3	3	0	26.2	749.8	
24.12.2021 17:42:10	752	6.8	0.145	0.883	9.758	0.000	59	3	3	0	26.3	750.0	
24.12.2021 17:42:11	753	6.8	0.145	0.883	9.758	0.000	59	3	3	0	26.3	750.0	
24.12.2021 17:42:13	755	6.8	0.145	0.883	9.758	0.000	59	3	3	0	26.3	750.0	
24.12.2021 17:42:14	756	6.3	0.145	1.067	10.887	0.000	62	3	3	0	26.2	750.5	
24.12.2021 17:42:15	757	6.3	0.145	1.067	10.887	0.000	62	3	3	0	26.2	750.5	
24.12.2021 17:42:16	758	6.3	0.145	1.067	10.887	0.000	62	3	3	0	26.2	750.5	
24.12.2021 17:42:18	760	6.1	0.147	1.196	11.646	0.000	62	2	3	0	26.2	750.0	
24.12.2021 17:42:19	761	6.1	0.145	1.271	11.646	0.000	62	2	3	0	26.2	750.1	
24.12.2021 17:42:20	762	6.1	0.145	1.271	11.646	0.000	62	2	3	0	26.2	750.1	
24.12.2021 17:42:21	763	6.0	0.161	1.271	12.125	0.000	64	3	3	0	26.2	750.0	
24.12.2021 17:42:22	764	6.0	0.173	1.314	12.125	0.000	64	3	3	0	26.2	749.9	
24.12.2021 17:42:23	765	6.0	0.173	1.314	12.125	0.000	64	3	3	0	26.2	749.9	
24.12.2021 17:42:24	766	6.0	0.173	1.314	12.125	0.000	64	3	3	0	26.2	749.9	
24.12.2021 17:42:26	768	6.0	0.188	1.336	12.415	0.000	63	3	3	0	26.1	750.0	
24.12.2021 17:42:28	770	6.0	0.188	1.336	12.415	0.000	63	3	3	0	26.1	750.0	
24.12.2021 17:42:29	771	6.0	0.191	1.336	12.585	0.000	63	3	3	0	26.0	750.2	
24.12.2021 17:42:31	773	6.0	0.191	1.336	12.685	0.000	60	3	3	0	26.2	750.0	
24.12.2021 17:42:32	774	6.0	0.191	1.336	12.685	0.000	60	3	3	0	26.2	750.1	
24.12.2021 17:42:34	776	6.0	0.191	1.336	12.685	0.000	60	3	3	0	26.2	750.1	
24.12.2021 17:42:35	777	6.0	0.191	1.336	12.685	0.000	60	3	3	0	26.2	750.1	
24.12.2021 17:42:36	778	6.0	0.191	1.336	12.685	0.000	60	3	3	0	26.2	750.1	
24.12.2021 17:42:37	779	5.9	0.191	1.325	12.725	0.000	60	3	3	0	26.2	749.9	
24.12.2021 17:42:38	780	5.9	0.191	1.325	12.725	0.000	60	3	3	0	26.2	749.9	
24.12.2021 17:42:40	782	5.9	0.191	1.325	12.725	0.000	60	3	3	0	26.2	749.9	
24.12.2021 17:42:42	784	5.9	0.193	1.304	12.755	0.000	58	4	4	0	26.2	750.2	
24.12.2021 17:42:44	786	5.8	0.193	1.304	12.785	0.000	58	4	4	0	26.1	750.2	
24.12.2021 17:42:45	787	5.8	0.193	1.304	12.785	0.000	58	4	4	0	26.1	750.2	
24.12.2021 17:42:47	789	5.8	0.193	1.304	12.785	0.000	59	3	4	0	26.2	750.1	
24.12.2021 17:42:48	790	5.8	0.193	1.304	12.785	0.000	59	3	4	0	26.2	750.1	
24.12.2021 17:42:49	791	5.7	0.193	1.304	12.814	0.000	59	3	4	0	26.2	750.1	
24.12.2021 17:42:51	793	5.7	0.205	1.325	12.854	0.000	62	3	4	0	26.1	750.3	
24.12.2021 17:42:53	795	5.7	0.205	1.325	12.854	0.000	62	3	4	0	26.1	750.3	
24.12.2021 17:42:54	796	5.7	0.205	1.325	12.854	0.000	62	3	4	0	26.1	750.3	
24.12.2021 17:42:55	797	5.6	0.216	1.358	12.904	0.000	62	3	4	0	26.0	750.3	
24.12.2021 17:42:57	799	5.6	0.216	1.358	12.904	0.000	62	3	4	0	26.2	750.3	
24.12.2021 17:42:58	800	5.6	0.216	1.358	12.904	0.000	62	3	4	0	26.2	750.3	
24.12.2021 17:42:59	801	5.6	0.216	1.358	12.904	0.000	62	3	4	0	26.2	750.3	
24.12.2021 17:43:01	803	5.5	0.243	1.379	12.954	0.000	67	3	4	0	26.0	750.1	
24.12.2021 17:43:03	805	5.5	0.245	1.379	12.954	0.000	68	3	4	0	26.0	750.2	
24.12.2021 17:43:05	807	5.5	0.241	1.411	12.994	0.000	68	3	4	0	26.2	750.1	
24.12.2021 17:43:06	808	5.5	0.231	1.411	12.994	0.000	67	3	4	0	26.4	750.2	
24.12.2021 17:43:08	810	5.7	0.236	1.433	13.014	0.000	67	3	4	0	26.2	750.3	
24.12.2021 17:43:09	811	5.8	0.233	1.433	13.014	0.000	68	3	4	0	26.3	750.4	
24.12.2021 17:43:10	812	6.0	0.239	1.422	13.014	0.000	68	3	4	0	26.3	750.2	
24.12.2021 17:43:11	813	6.0	0.239	1.422	13.014	0.000	68	3	4	0	26.3	750.2	
24.12.2021 17:43:13	815	6.9	0.208	1.422	12.984	0.000	68	3	4	0	26.2	750.3	
24.12.2021 17:43:14	816	7.5	0.224	1.368	12.984	0.000	67	3	4	0	26.4	750.3	
24.12.2021 17:43:16	818	8.8	0.200	1.368	12.645	0.000	67	4	4	0	26.3	750.3	
24.12.2021 17:43:17	819	9.6	0.189	1.368	12.645	0.000	66	4	4	0	26.2	750.3	
24.12.2021 17:43:18	820	10.4	0.177	1.217	12.645	0.000	66	4	4	0	26.3	750.1	
24.12.2021 17:43:20	822	11.1	0.162	1.217	11.746	0.000	66	4	4	0	26.2	750.3	
24.12.2021 17:43:22	824	11.1	0.162	1.217	11.746	0.000	66	4	4	0	26.2	750.3	
24.12.2021 17:43:23	825	11.1	0.162	1.217	11.746	0.000	66	4	4	0	26.2	750.3	
24.12.2021 17:43:24	826	14.1	0.161	0.991	10.178	0.000	64	3	3	0	26.2	750.3	
24.12.2021 17:43:25	827	14.7	0.135	0.991	10.178	0.000	64	3	3	0	26.1	750.3	
24.12.2021 17:43:27	829	16.2	0.129	0.733	8.090	0.000	63	3	3	0	26.2	750.3	
24.12.2021 17:43:29	831	17.1	0.123	0.733	8.090	0.000	62	3	2	0	26.0	750.6	
24.12.2021 17:43:31	833	17.5	0.142	0.496	8.090	0.000	62	3	2	0	26.0	750.3	
24.12.2021 17:43:32	834	17.5	0.142	0.496	8.090	0.000	62	2	1	0	26.0	750.3	
24.12.2021 17:43:33	835	18.3	0.098	0.496	5.923	0.000	59	2	1	0	26.3	750.2	
24.12.2021 17:43:35	837	18.6	0.105	0.312	5.923	0.000	59	2	1	0	26.2	750.1	
24.12.2021 17:43:36	838	18.6	0.105	0.312	5.923	0.000	59	2	1	0	26.2	750.1	
24.12.2021 17:43:37	839	19.1	0.098	0.312	4.095	0.000	59	2	1	0	26.2	750.2	
24.12.2021 17:43:38	840	19.3	0.098	0.215	4.095	0.000	58	2	1	0	26.2	750.2	
24.12.2021 17:43:40	842	19.3	0.098	0.215	4.095	0.000	58	2	1	0	26.2	750.2	
24.12.2021 17:43:42	844	19.7	0.074	0.140	2.737	0.000	56	2	1	0	26.1	750.1	
24.12.2021 17:43:44	846	19.9	0.056	0.140	1.828	0.000	56	1	1	0	26.2	750.2	
24.12.2021 17:43:45	847	19.9	0.054	0.140	1.828	0.000	56	1	1	0	26.2	750.1	
24.12.2021 17:43:46	848	19.9	0.054	0.140	1.828	0.000	56	1	1	0	26.2	750.1	
24.12.2021 17:43:48	850	19.9	0.054	0.140	1.828	0.000	56	1	1	0	26.2	750.1	
24.12.2021 17:43:50	852	20.1	0.053	0.086	1.248	0.000	57	1	1	0	26.4	749.9	
24.12.2021 17:43:51	853	20.2	0.054	0.075	1.248	0.000	57	1	1	0	26.3	750.1	
24.12.2021 17:43:53	855	20.2	0.054	0.075	0.889	0.000	57	1	1	0	26.3	750.2	
24.12.2021 17:43:54	856	20.2	0.054	0.075	0.889	0.000	57	1	1	0	26.3	750.2	
24.12.2021 17:43:55	857	20.2	0.054	0.075	0.889	0.000	57	1	1	0	26.3	750.2	
24.12.2021 17:43:56	858	19.9	0.035	0.054	0.689	0.000	57	1	1	0	26.4	750.2	
24.12.2021 17:43:57	859	19.7	0.041	0.054	0.689	0.000	54	1	1	0	26.2	750.1	
24.12.2021 17:43:59	861	19.4	0.042	0.043	0.689	0.000	54	1	1	0	26.3	750.2	
24.12.2021 17:44:00	862	19.4	0.042	0.043	0.689	0.000	54	1	1	0	26.3	750.2	
24.12.2021 17:44:01	863	18.3	0.045	0.043	0.719	0.000	54	1	1	0	26.3	750.1	
24.12.2021 17:44:02	864	17.6	0.051	0.043	0.719	0.000	51	1	1	0	26.5	750.1	
24.12.2021 17:44:03	865	17.6	0.051	0.043	0.719	0.000	51	1	1	0	26.5	750.1	
24.12.2021 17:44:04	866	16.0	0.067	0.065	1.119	0.000	51	1	1	0	26.4	750.0	
24.12.2021 17:44:06	868	16.0	0.067	0.065	1.119	0.000	51	1	1	0	26.4	750.0	
24.12.2021 17:44:07	869	16.0	0.067	0.065	1.119	0.000	51	1	1	0	26.4	750.0	
24.12.2021 17:44:09	871	12.9	0.149	0.140	2.058	0.000	50	1	1	0	26.3	749.8	
24.12.2021 17:44:10	872	12.9	0.149	0.140	2.058	0.000	50	1	2	0	26.3	749.8	
24.12.2021 17:44:11	873	12.9	0.149	0.140	2.058	0.000	50	1	2	0	26.3	749.8	
24.12.2021 17:44:12	874	12.9	0.149	0.140	2.058	0.000	50	1	2	0	26.3	749.8	
24.12.2021 17:44:13	875	10.0	0.253	0.345	3.735	0.000	54	1	2	0	26.3	750.2	
24.12.2021 17:44:14	876	10.0	0.253	0.345	3.735	0.000	54	1	2	0	26.3	750.2	
24.12.2021 17:44:16	878	8.5	0.325	0.754	5.983	0.000	63	1	3	0	26.3	750.3	
24.12.2021 17:44:18	880	8.5	0.325	0.754	5.983	0.000	63	1	3	0	26.3	750.3	
24.12.2021 17:44:20	882	6.4	0.438	1.358	8.190	0.000	80	2	3	0	26.2	750.2	
24.12.2021 17:44:21	883	6.4	0.438	1.358	8.190	0.000	80	2	3	0	26.2	750.2	
24.12.2021 17:44:23	885	5.2	0.511	2.058	10.018	0.000	97	2	4	0	26.4	750.4	
24.12.2021 17:44:24	886	4.9	0.548	2.058	10.018	0.000	97	2	4	0	26.5	750.5	
24.12.2021 17:44:26	888	4.9	0.548	2.058	10.018	0.000	97	2	4	0	26.5	750.5	
24.12.2021 17:44:28	890	4.4	0.563	2.693	11.406	0.000	115	2	4	0	26.4	750.3	
24.12.2021 17:44:29	891	4.0	0.640	2.693	11.406	0.000	131	2	4	0	26.5	750.3	
24.12.2021 17:44:31	893	3.8	0.616	3.189	11.406	0.000	131	2	4	0	26.6	750.3	
24.12.2021 17:44:32	894	3.8	0.616	3.189	11.406	0.000	131	3	4	0	26.6	750.3	
24.12.2021 17:44:33	895	3.6	0.676	3.189	12.355	0.000	143	3	4	0	26.3	750.2	
24.12.2021 17:44:34	896	3.6	0.676	3.189	12.355	0.000	143	3	4	0	26.3	750.2	
24.12.2021 17:44:36	898	3.4	0.698	3.534	12.974	0.000	143	4	4	0	26.3	750.3	
24.12.2021 17:44:38	900	3.2	0.723	3.760	12.974	0.000	150	4	4	0	26.3	750.4	
24.12.2021 17:44:40	902	3.2	0.744	3.760	13.364	0.000	150	4	4	0	26.2	750.2	
24.12.2021 17:44:42	904	3.1	0.757	3.889	13.364	0.000	159	4	4	0	26.6	750.3	
24.12.2021 17:44:44	906	3.1	0.778	3.889	13.594	0.000	159	4	4	0	26.4	750.1	
24.12.2021 17:44:46	908	3.0	0.805	3.976	13.594	0.000	162	5	4	0	26.3	750.5	
24.12.2021 17:44:47	909	3.0	0.805	3.976	13.594	0.000	162	5	4	0	26.3	750.5	
24.12.2021 17:44:48	910	3.0	0.821	3.976	13.743	0.000	162	5	4	0	26.1	750.5	
24.12.2021 17:44:49	911	3.0	0.821	3.976	13.743	0.000	162	5	4	0	26.1	750.5	
24.12.2021 17:44:51	913	3.0	0.821	3.976	13.743	0.000	162	5	4	0	26.1	750.5	
24.12.2021 17:44:52	914	3.0	0.821	3.976	13.743	0.000	162	5	4	0	26.1	750.5	
24.12.2021 17:44:53	915	2.9	0.861	4.019	13.843	0.000	164	6	4	0	26.1	750.6	
24.12.2021 17:44:54	916	2.9	0.866	4.019	13.843	0.000	167	6	4	0	26.2	750.5	
24.12.2021 17:44:55	917	2.9	0.866	4.040	13.893	0.000	167	6	4	0	26.1	750.3	
24.12.2021 17:44:56	918	2.9	0.864	4.040	13.893	0.000	167	6	4	0	26.1	750.2	
24.12.2021 17:44:58	920	2.9	0.872	4.062	13.893	0.000	165	5	4	0	26.0	750.1	
24.12.2021 17:44:59	921	2.9	0.889	4.062	13.933	0.000	165	5	4	0	26.0	750.0	
24.12.2021 17:45:01	923	2.9	0.889	4.062	13.933	0.000	165	5	4	0	26.0	750.0	
24.12.2021 17:45:02	924	2.9	0.915	4.073	13.933	0.000	162	5	4	0	26.2	750.1	
24.12.2021 17:45:04	926	2.9	0.924	4.073	13.953	0.000	162	5	4	0	26.2	749.8	
24.12.2021 17:45:05	927	2.9	0.926	4.073	13.953	0.000	161	6	4	0	26.2	750.1	
24.12.2021 17:45:07	929	2.9	0.934	4.073	13.953	0.000	161	6	4	0	26.2	750.5	
24.12.2021 17:45:08	930	2.9	0.934	4.073	13.953	0.000	161	6	4	0	26.2	750.5	
24.12.2021 17:45:09	931	2.9	0.934	4.073	13.953	0.000	161	6	4	0	26.2	750.5	
24.12.2021 17:45:11	933	2.8	0.929	4.083	13.953	0.000	157	6	4	0	26.1	750.0	
24.12.2021 17:45:12	934	2.8	0.929	4.083	13.953	0.000	157	6	4	0	26.1	750.0	
24.12.2021 17:45:14	936	2.8	0.928	4.083	13.963	0.000	159	6	5	0	26.3	749.9	
24.12.2021 17:45:15	937	2.8	0.927	4.094	13.963	0.000	159	6	5	0	26.2	749.9	
24.12.2021 17:45:16	938	2.8	0.932	4.094	14.003	0.000	159	6	5	0	26.3	749.9	
24.12.2021 17:45:17	939	2.8	0.942	4.094	14.003	0.000	159	6	5	0	26.1	750.1	
24.12.2021 17:45:19	941	2.8	0.936	4.094	14.003	0.000	161	6	4	0	26.3	750.4	
24.12.2021 17:45:21	943	2.7	0.959	4.116	14.043	0.000	161	6	4	0	26.2	750.4	
24.12.2021 17:45:22	944	2.7	0.970	4.116	14.043	0.000	160	7	5	0	26.4	750.2	
24.12.2021 17:45:23	945	2.7	0.974	4.137	14.043	0.000	160	7	5	0	26.3	750.3	
24.12.2021 17:45:24	946	2.7	0.974	4.137	14.043	0.000	160	7	5	0	26.3	750.3	
24.12.2021 17:45:26	948	2.7	0.974	4.137	14.043	0.000	160	6	5	0	26.3	750.3	
24.12.2021 17:45:27	949	2.9	0.954	4.137	14.093	0.000	159	6	5	0	26.2	750.5	
24.12.2021 17:45:28	950	2.9	0.954	4.137	14.093	0.000	159	6	5	0	26.2	750.5	
24.12.2021 17:45:30	952	3.6	0.931	4.137	14.103	0.000	154	7	5	0	26.3	750.3	
24.12.2021 17:45:32	954	4.7	0.894	4.051	13.893	0.000	154	7	5	0	26.1	750.1	
24.12.2021 17:45:33	955	4.7	0.894	4.051	13.893	0.000	154	7	5	0	26.1	750.1	
24.12.2021 17:45:35	957	6.8	0.809	4.051	13.893	0.000	148	8	4	0	26.2	750.4	
24.12.2021 17:45:36	958	6.8	0.809	4.051	13.893	0.000	148	8	4	0	26.2	750.4	
24.12.2021 17:45:37	959	6.8	0.809	4.051	13.893	0.000	148	8	4	0	26.2	750.4	
24.12.2021 17:45:39	961	10.3	0.731	3.200	13.134	0.000	143	8	4	0	26.2	749.9	
24.12.2021 17:45:40	962	11.4	0.687	3.200	11.596	0.000	143	8	4	0	26.1	749.9	
24.12.2021 17:45:41	963	11.4	0.687	3.200	11.596	0.000	143	8	4	0	26.1	749.9	
24.12.2021 17:45:42	964	13.3	0.593	3.200	11.596	0.000	132	8	4	0	26.2	750.0	
24.12.2021 17:45:43	965	14.0	0.622	2.478	11.596	0.000	132	8	3	0	26.2	750.3	
24.12.2021 17:45:44	966	14.0	0.622	2.478	11.596	0.000	132	8	3	0	26.2	750.3	
24.12.2021 17:45:46	968	14.0	0.622	2.478	11.596	0.000	132	8	3	0	26.2	750.3	
24.12.2021 17:45:47	969	16.5	0.532	1.735	9.429	0.000	115	7	2	0	26.2	750.1	
24.12.2021 17:45:49	971	16.9	0.502	1.735	7.031	0.000	115	7	2	0	26.3	750.3	
24.12.2021 17:45:50	972	16.9	0.502	1.735	7.031	0.000	115	7	2	0	26.3	750.3	
24.12.2021 17:45:52	974	17.9	0.465	1.120	7.031	0.000	98	6	1	0	26.3	750.3	
24.12.2021 17:45:54	976	18.6	0.390	1.120	4.914	0.000	79	6	1	0	26.3	750.3	
24.12.2021 17:45:56	978	18.8	0.395	0.700	4.914	0.000	79	5	1	0	26.3	750.4	
24.12.2021 17:45:57	979	18.8	0.395	0.700	4.914	0.000	79	5	1	0	26.3	750.4	
24.12.2021 17:45:59	981	19.4	0.333	0.431	3.316	0.000	65	5	1	0	26.5	750.3	
24.12.2021 17:46:00	982	19.4	0.333	0.431	3.316	0.000	65	5	1	0	26.5	750.3	
24.12.2021 17:46:01	983	19.4	0.333	0.431	3.316	0.000	65	4	1	0	26.5	750.3	
24.12.2021 17:46:03	985	19.8	0.274	0.269	2.217	0.000	58	4	1	0	26.2	750.1	
24.12.2021 17:46:05	987	19.9	0.235	0.269	1.508	0.000	58	3	1	0	26.1	750.0	
24.12.2021 17:46:07	989	20.0	0.213	0.183	1.508	0.000	54	3	1	0	26.6	750.4	
24.12.2021 17:46:09	991	20.1	0.193	0.183	1.139	0.000	54	3	1	0	26.5	750.5	
24.12.2021 17:46:10	992	20.1	0.180	0.183	1.139	0.000	51	3	1	0	26.4	750.4	
24.12.2021 17:46:12	994	20.1	0.175	0.129	0.829	0.000	51	2	1	0	26.4	750.5	
24.12.2021 17:46:14	996	20.1	0.173	0.129	0.829	0.000	50	2	1	0	26.1	750.2	
24.12.2021 17:46:15	997	20.0	0.150	0.097	0.829	0.000	50	2	1	0	26.2	750.5	
24.12.2021 17:46:16	998	19.8	0.134	0.097	0.669	0.000	50	2	1	0	26.1	750.3	
24.12.2021 17:46:18	1000	19.1	0.136	0.097	0.669	0.000	51	2	1	0	26.1	750.0	
24.12.2021 17:46:19	1001	18.6	0.147	0.086	0.669	0.000	51	2	1	0	26.3	750.0	
24.12.2021 17:46:20	1002	18.0	0.159	0.086	0.769	0.000	51	2	1	0	26.1	749.9	
24.12.2021 17:46:22	1004	16.7	0.183	0.086	0.769	0.000	51	2	1	0	26.2	750.1	
24.12.2021 17:46:24	1006	16.7	0.183	0.086	0.769	0.000	51	2	1	0	26.2	750.1	
24.12.2021 17:46:26	1008	13.9	0.289	0.172	1.268	0.000	58	1	1	0	26.2	750.1	
24.12.2021 17:46:28	1010	12.2	0.389	0.409	2.357	0.000	58	1	1	0	26.0	750.0	
24.12.2021 17:46:30	1012	11.4	0.446	0.409	2.357	0.000	58	1	2	0	26.1	750.2	
24.12.2021 17:46:31	1013	11.4	0.446	0.409	2.357	0.000	58	1	2	0	26.1	750.2	
24.12.2021 17:46:33	1015	8.4	0.673	0.948	4.205	0.000	79	1	2	0	26.1	750.2	
24.12.2021 17:46:34	1016	8.4	0.673	0.948	4.205	0.000	79	1	2	0	26.1	750.2	
24.12.2021 17:46:35	1017	8.4	0.673	0.948	4.205	0.000	79	1	3	0	26.1	750.2	
24.12.2021 17:46:37	1019	6.4	0.854	1.853	6.462	0.000	118	1	3	0	26.4	750.0	
24.12.2021 17:46:39	1021	6.4	0.854	1.853	6.462	0.000	118	2	3	0	26.4	750.0	
24.12.2021 17:46:40	1022	5.4	0.923	2.995	8.550	0.000	178	2	3	0	26.2	749.8	
24.12.2021 17:46:41	1023	5.4	0.923	2.995	8.550	0.000	178	2	3	0	26.2	749.8	
24.12.2021 17:46:42	1024	4.5	1.093	2.995	8.550	0.000	249	2	3	0	26.2	750.0	
24.12.2021 17:46:44	1026	4.2	1.064	4.105	8.550	0.000	249	4	3	0	26.4	750.1	
24.12.2021 17:46:46	1028	3.7	1.210	4.105	10.198	0.000	319	4	3	0	26.2	750.1	
24.12.2021 17:46:47	1029	3.7	1.210	4.105	10.198	0.000	319	5	3	0	26.2	750.1	
24.12.2021 17:46:49	1031	3.7	1.210	4.105	10.198	0.000	319	5	3	0	26.2	750.1	
24.12.2021 17:46:50	1032	3.7	1.210	4.105	10.198	0.000	319	5	3	0	26.2	750.1	
24.12.2021 17:46:51	1033	3.7	1.210	4.105	10.198	0.000	319	5	3	0	26.2	750.1	
24.12.2021 17:46:53	1035	2.8	1.380	5.667	12.165	0.000	377	9	3	2	26.3	750.3	
24.12.2021 17:46:54	1036	2.8	1.380	5.667	12.165	0.000	377	9	3	2	26.3	750.3	
24.12.2021 17:46:56	1038	2.5	1.472	6.109	12.665	0.000	425	12	2	3	26.3	750.3	
24.12.2021 17:46:57	1039	2.5	1.472	6.109	12.665	0.000	425	12	2	3	26.3	750.3	
24.12.2021 17:46:59	1041	2.5	1.502	6.109	12.665	0.000	456	12	2	3	26.2	750.4	
24.12.2021 17:47:00	1042	2.4	1.553	6.346	12.964	0.000	456	14	2	7	26.2	750.1	
24.12.2021 17:47:01	1043	2.4	1.571	6.346	12.964	0.000	456	14	2	7	26.2	750.2	
24.12.2021 17:47:02	1044	2.3	1.602	6.346	12.964	0.000	476	14	2	7	26.2	750.1	
24.12.2021 17:47:04	1046	2.3	1.602	6.346	12.964	0.000	476	16	2	7	26.2	750.1	
24.12.2021 17:47:05	1047	2.3	1.643	6.540	13.144	0.000	476	16	2	7	26.3	750.4	
24.12.2021 17:47:07	1049	2.3	1.662	6.669	13.144	0.000	492	16	2	7	26.2	750.4	
24.12.2021 17:47:08	1050	2.2	1.684	6.669	13.264	0.000	492	18	2	9	26.2	750.3	
24.12.2021 17:47:09	1051	2.2	1.684	6.669	13.264	0.000	492	18	2	9	26.2	750.3	
24.12.2021 17:47:10	1052	2.2	1.684	6.669	13.264	0.000	492	18	2	9	26.2	750.3	
24.12.2021 17:47:11	1053	2.2	1.717	6.744	13.264	0.000	506	18	2	9	26.2	750.0	
24.12.2021 17:47:12	1054	2.2	1.732	6.744	13.324	0.000	506	20	2	7	26.3	750.0	
24.12.2021 17:47:14	1056	2.2	1.732	6.744	13.324	0.000	506	20	2	7	26.3	750.0	
24.12.2021 17:47:15	1057	2.2	1.732	6.744	13.324	0.000	506	20	2	7	26.3	750.0	
24.12.2021 17:47:17	1059	2.2	1.732	6.744	13.324	0.000	506	21	1	4	26.3	750.0	
24.12.2021 17:47:19	1061	2.2	1.732	6.744	13.324	0.000	506	21	1	4	26.3	750.0	
24.12.2021 17:47:21	1063	2.2	1.732	6.744	13.324	0.000	506	21	1	4	26.3	750.0	
24.12.2021 17:47:23	1065	2.2	1.732	6.744	13.324	0.000	506	22	1	7	26.3	750.0	
24.12.2021 17:47:24	1066	2.1	1.841	6.852	13.394	0.000	540	22	1	7	26.4	750.3	
24.12.2021 17:47:26	1068	2.1	1.854	6.852	13.394	0.000	529	24	1	7	26.3	750.2	
24.12.2021 17:47:28	1070	2.1	1.866	6.885	13.394	0.000	529	24	1	7	26.4	750.3	
24.12.2021 17:47:30	1072	2.1	1.892	6.885	13.394	0.000	518	25	1	6	26.2	750.4	
24.12.2021 17:47:32	1074	2.1	1.894	6.895	13.394	0.000	518	25	1	6	26.3	750.3	
24.12.2021 17:47:34	1076	2.1	1.898	6.895	13.414	0.000	509	27	1	4	26.3	750.4	
24.12.2021 17:47:36	1078	2.0	1.904	6.928	13.444	0.000	509	27	1	4	26.2	750.3	
24.12.2021 17:47:37	1079	2.0	1.904	6.928	13.444	0.000	509	27	1	4	26.2	750.3	
24.12.2021 17:47:39	1081	2.0	1.906	6.938	13.444	0.000	499	27	1	7	26.3	750.0	
24.12.2021 17:47:40	1082	2.0	1.920	6.938	13.444	0.000	499	27	1	7	26.2	750.2	
24.12.2021 17:47:41	1083	2.0	1.922	6.938	13.444	0.000	499	27	1	7	26.1	750.3	
24.12.2021 17:47:42	1084	2.1	1.936	6.938	13.444	0.000	506	28	1	7	26.0	750.1	
24.12.2021 17:47:44	1086	2.1	1.921	6.960	13.444	0.000	506	28	1	7	26.2	750.6	
24.12.2021 17:47:46	1088	2.3	1.901	6.960	13.454	0.000	515	28	1	7	26.2	750.6	
24.12.2021 17:47:47	1089	2.3	1.901	6.960	13.454	0.000	515	29	0	7	26.2	750.6	
24.12.2021 17:47:49	1091	3.8	1.798	6.938	13.434	0.000	515	29	0	7	26.2	750.3	
24.12.2021 17:47:50	1092	4.4	1.770	6.701	13.434	0.000	518	30	0	8	26.2	750.6	
24.12.2021 17:47:52	1094	6.2	1.650	6.701	13.104	0.000	518	30	0	8	26.2	750.2	
24.12.2021 17:47:54	1096	6.2	1.650	6.701	13.104	0.000	518	31	0	9	26.2	750.2	
24.12.2021 17:47:55	1097	8.7	1.516	6.055	13.104	0.000	506	31	0	9	26.4	750.2	
24.12.2021 17:47:56	1098	9.7	1.447	6.055	12.175	0.000	506	31	0	9	26.4	750.3	
24.12.2021 17:47:58	1100	11.7	1.373	5.010	12.175	0.000	458	31	0	9	26.3	750.3	
24.12.2021 17:48:00	1102	12.5	1.293	5.010	10.497	0.000	458	31	0	9	26.3	750.1	
24.12.2021 17:48:01	1103	12.5	1.293	5.010	10.497	0.000	458	31	0	9	26.3	750.1	
24.12.2021 17:48:02	1104	14.3	1.117	5.010	10.497	0.000	384	31	0	12	26.3	750.1	
24.12.2021 17:48:03	1105	14.3	1.117	5.010	10.497	0.000	384	31	0	12	26.3	750.1	
24.12.2021 17:48:04	1106	14.3	1.117	5.010	10.497	0.000	384	31	0	12	26.3	750.1	
24.12.2021 17:48:06	1108	14.3	1.117	5.010	10.497	0.000	384	28	0	7	26.3	750.1	
24.12.2021 17:48:07	1109	14.3	1.117	5.010	10.497	0.000	384	28	0	7	26.3	750.1	
24.12.2021 17:48:09	1111	17.7	0.848	2.575	6.053	0.000	230	28	0	7	26.3	750.2	
24.12.2021 17:48:10	1112	17.7	0.848	2.575	6.053	0.000	230	28	0	7	26.3	750.2	
24.12.2021 17:48:11	1113	17.7	0.848	2.575	6.053	0.000	230	24	0	6	26.3	750.2	
24.12.2021 17:48:13	1115	18.7	0.736	1.659	4.175	0.000	230	24	0	6	26.4	750.5	
24.12.2021 17:48:15	1117	19.1	0.673	1.034	2.817	0.000	178	22	0	6	26.3	750.5	
24.12.2021 17:48:16	1118	19.1	0.673	1.034	2.817	0.000	178	22	0	6	26.3	750.5	
24.12.2021 17:48:17	1119	19.1	0.673	1.034	2.817	0.000	178	22	0	6	26.3	750.5	
24.12.2021 17:48:18	1120	19.4	0.610	0.646	2.817	0.000	142	22	0	6	26.3	750.3	
24.12.2021 17:48:19	1121	19.6	0.573	0.646	1.898	0.000	142	19	0	3	26.3	750.7	
24.12.2021 17:48:20	1122	19.6	0.573	0.646	1.898	0.000	142	19	0	3	26.3	750.7	
24.12.2021 17:48:22	1124	19.8	0.506	0.646	1.898	0.000	116	19	0	3	26.4	750.3	
24.12.2021 17:48:23	1125	19.8	0.506	0.646	1.898	0.000	116	19	0	3	26.4	750.3	
24.12.2021 17:48:24	1126	19.9	0.441	0.409	1.318	0.000	116	17	0	3	26.4	750.2	
24.12.2021 17:48:25	1127	20.0	0.419	0.409	1.318	0.000	95	17	0	3	26.3	750.1	
24.12.2021 17:48:26	1128	20.0	0.417	0.280	1.318	0.000	95	17	0	3	26.3	750.0	
24.12.2021 17:48:27	1129	20.0	0.417	0.280	1.318	0.000	95	17	0	3	26.3	750.0	
24.12.2021 17:48:28	1130	20.1	0.382	0.280	0.949	0.000	95	15	0	2	26.4	750.2	
24.12.2021 17:48:30	1132	20.1	0.364	0.280	0.949	0.000	95	15	0	2	26.2	750.1	
24.12.2021 17:48:31	1133	20.1	0.330	0.194	0.719	0.000	84	13	0	2	26.5	750.3	
24.12.2021 17:48:32	1134	20.0	0.308	0.194	0.719	0.000	84	13	0	2	26.4	750.6	
24.12.2021 17:48:34	1136	19.5	0.296	0.151	0.719	0.000	73	13	0	2	26.2	750.3	
24.12.2021 17:48:35	1137	19.5	0.296	0.151	0.719	0.000	73	11	0	0	26.2	750.3	
24.12.2021 17:48:36	1138	19.1	0.293	0.151	0.669	0.000	73	11	0	0	26.4	750.6	
24.12.2021 17:48:37	1139	18.7	0.298	0.151	0.669	0.000	73	11	0	0	26.4	750.7	
24.12.2021 17:48:38	1140	18.7	0.298	0.151	0.669	0.000	73	11	0	0	26.4	750.7	
24.12.2021 17:48:39	1141	18.7	0.298	0.151	0.669	0.000	73	11	0	0	26.4	750.7	
24.12.2021 17:48:41	1143	16.1	0.398	0.183	0.919	0.000	67	11	0	0	26.2	750.1	
24.12.2021 17:48:42	1144	15.4	0.419	0.366	0.919	0.000	73	11	0	0	26.2	750.1	
24.12.2021 17:48:43	1145	14.5	0.484	0.366	1.628	0.000	73	10	0	0	26.1	750.2	
24.12.2021 17:48:44	1146	14.5	0.484	0.366	1.628	0.000	73	10	0	0	26.1	750.2	
24.12.2021 17:48:46	1148	12.7	0.647	0.366	1.628	0.000	105	10	0	0	26.1	750.4	
24.12.2021 17:48:47	1149	12.0	0.685	0.830	1.628	0.000	105	10	0	0	26.1	750.2	
24.12.2021 17:48:49	1151	12.0	0.685	0.830	1.628	0.000	105	9	0	0	26.1	750.2	
24.12.2021 17:48:50	1152	12.0	0.685	0.830	1.628	0.000	105	9	0	0	26.1	750.2	
24.12.2021 17:48:51	1153	9.3	0.967	1.692	2.966	0.000	177	9	0	0	26.4	750.2	
24.12.2021 17:48:53	1155	8.1	1.157	1.692	4.934	0.000	286	10	0	0	26.3	750.1	
24.12.2021 17:48:54	1156	8.1	1.157	1.692	4.934	0.000	286	10	0	0	26.3	750.1	
24.12.2021 17:48:56	1158	7.0	1.271	2.920	6.972	0.000	286	13	1	0	26.2	750.1	
24.12.2021 17:48:57	1159	7.0	1.271	2.920	6.972	0.000	286	13	1	0	26.2	750.1	
24.12.2021 17:48:59	1161	5.8	1.464	4.191	8.679	0.000	426	13	1	0	26.1	750.2	
24.12.2021 17:49:00	1162	5.6	1.532	4.191	8.679	0.000	426	18	1	0	26.1	750.5	
24.12.2021 17:49:02	1164	5.3	1.622	4.191	8.679	0.000	566	18	1	0	26.2	750.4	
24.12.2021 17:49:03	1165	5.1	1.597	5.279	8.679	0.000	566	18	1	0	26.2	750.4	
24.12.2021 17:49:05	1167	5.1	1.597	5.279	8.679	0.000	566	24	1	0	26.2	750.4	
24.12.2021 17:49:07	1169	4.5	1.778	6.109	9.948	0.000	685	24	1	0	26.2	750.3	
24.12.2021 17:49:08	1170	4.5	1.778	6.109	9.948	0.000	685	33	0	0	26.2	750.3	
24.12.2021 17:49:09	1171	4.3	1.904	6.109	10.807	0.000	776	33	0	0	26.2	750.3	
24.12.2021 17:49:11	1173	4.2	1.917	6.669	10.807	0.000	776	33	0	0	26.1	750.3	
24.12.2021 17:49:12	1174	4.1	1.967	6.669	11.376	0.000	776	40	0	0	26.3	750.6	
24.12.2021 17:49:13	1175	4.1	2.004	6.669	11.376	0.000	776	40	0	0	26.4	750.5	
24.12.2021 17:49:14	1176	4.0	2.050	6.669	11.376	0.000	838	40	0	0	26.5	750.4	
24.12.2021 17:49:15	1177	4.0	2.050	6.669	11.376	0.000	838	40	0	0	26.5	750.4	
24.12.2021 17:49:16	1178	3.9	2.107	7.025	11.716	0.000	838	47	0	0	26.2	750.2	
24.12.2021 17:49:18	1180	3.9	2.107	7.025	11.716	0.000	838	47	0	0	26.2	750.2	
24.12.2021 17:49:19	1181	3.8	2.166	7.251	11.926	0.000	877	47	0	0	26.2	750.1	
24.12.2021 17:49:20	1182	3.8	2.166	7.251	11.926	0.000	877	55	0	0	26.2	750.1	
24.12.2021 17:49:22	1184	3.8	2.229	7.251	11.926	0.000	901	55	0	0	26.2	750.1	
24.12.2021 17:49:23	1185	3.7	2.244	7.380	11.926	0.000	901	55	0	0	26.1	750.0	
24.12.2021 17:49:24	1186	3.7	2.244	7.380	11.926	0.000	901	55	0	0	26.1	750.0	
24.12.2021 17:49:26	1188	3.7	2.295	7.477	12.065	0.000	922	62	0	0	26.2	750.1	
24.12.2021 17:49:28	1190	3.7	2.321	7.477	12.125	0.000	922	33	0	0	26.2	750.2	
24.12.2021 17:49:29	1191	3.7	2.321	7.477	12.125	0.000	922	33	0	0	26.2	750.2	
24.12.2021 17:49:31	1193	3.7	2.358	7.520	12.125	0.000	931	33	0	0	26.2	750.3	
24.12.2021 17:49:32	1194	3.7	2.372	7.520	12.185	0.000	931	0	0	0	26.3	750.6	
24.12.2021 17:49:34	1196	3.7	2.381	7.553	12.185	0.000	938	0	0	0	26.2	750.4	
24.12.2021 17:49:35	1197	3.7	2.381	7.553	12.185	0.000	938	0	0	0	26.2	750.4	
24.12.2021 17:49:37	1199	3.7	2.381	7.553	12.185	0.000	938	0	0	0	26.2	750.4	
24.12.2021 17:49:38	1200	3.7	2.381	7.553	12.185	0.000	938	0	0	0	26.2	750.4	
24.12.2021 17:49:39	1201	3.7	2.381	7.553	12.185	0.000	938	0	0	0	26.2	750.4	
24.12.2021 17:49:41	1203	3.7	2.441	7.574	12.215	0.000	944	0	0	0	26.3	750.4	
24.12.2021 17:49:43	1205	3.7	2.445	7.574	12.215	0.000	946	0	0	0	26.1	750.6	
24.12.2021 17:49:45	1207	3.7	2.445	7.574	12.215	0.000	946	0	0	0	26.1	750.6	
24.12.2021 17:49:46	1208	3.7	2.468	7.596	12.215	0.000	950	0	0	0	26.3	749.9	
24.12.2021 17:49:48	1210	3.7	2.494	7.596	12.205	0.000	950	0	0	0	26.2	750.1	
24.12.2021 17:49:49	1211	3.7	2.497	7.596	12.205	0.000	953	0	0	0	26.3	750.5	
24.12.2021 17:49:50	1212	3.7	2.498	7.617	12.205	0.000	953	0	0	0	26.2	750.5	
24.12.2021 17:49:52	1214	3.7	2.502	7.617	12.215	0.000	953	0	0	0	26.2	750.5	
24.12.2021 17:49:54	1216	3.7	2.502	7.617	12.215	0.000	953	0	0	0	26.2	750.5	
24.12.2021 17:49:56	1218	3.7	2.512	7.628	12.215	0.000	957	0	0	0	26.1	750.5	
24.12.2021 17:49:57	1219	3.7	2.512	7.628	12.215	0.000	957	0	0	0	26.1	750.5	
24.12.2021 17:49:59	1221	3.7	2.530	7.660	12.215	0.000	960	0	0	0	26.3	750.5	
24.12.2021 17:50:01	1223	3.7	2.530	7.660	12.215	0.000	960	0	0	0	26.3	750.5	
24.12.2021 17:50:02	1224	3.9	2.510	7.671	12.225	0.000	966	0	0	0	26.2	750.3	
24.12.2021 17:50:03	1225	4.1	2.497	7.671	12.225	0.000	966	0	0	0	26.1	750.1	
24.12.2021 17:50:04	1226	4.1	2.497	7.671	12.225	0.000	966	0	0	0	26.1	750.1	
24.12.2021 17:50:06	1228	5.0	2.412	7.671	12.225	0.000	968	0	0	0	26.2	750.2	
24.12.2021 17:50:08	1230	6.3	2.301	7.520	12.015	0.000	968	0	0	0	26.2	750.0	
24.12.2021 17:50:10	1232	7.1	2.236	7.520	12.015	0.000	949	0	0	0	26.4	750.1	
24.12.2021 17:50:11	1233	7.1	2.236	7.520	12.015	0.000	949	0	0	0	26.4	750.1	
24.12.2021 17:50:13	1235	10.2	1.969	6.981	11.326	0.000	949	15	0	0	26.2	750.5	
24.12.2021 17:50:14	1236	10.2	1.969	6.981	11.326	0.000	949	15	0	0	26.2	750.5	
24.12.2021 17:50:16	1238	10.2	1.969	6.981	11.326	0.000	949	15	0	0	26.2	750.5	
24.12.2021 17:50:17	1239	13.5	1.647	5.990	9.958	0.000	789	95	0	0	26.2	750.3	
24.12.2021 17:50:19	1241	14.7	1.572	4.665	8.080	0.000	789	95	0	0	26.3	750.4	
24.12.2021 17:50:21	1243	15.4	1.466	4.665	8.080	0.000	789	95	0	0	26.3	750.3	
24.12.2021 17:50:22	1244	15.4	1.466	4.665	8.080	0.000	789	178	0	0	26.3	750.3	
24.12.2021 17:50:23	1245	16.7	1.352	3.566	6.033	0.000	657	178	0	0	26.2	750.1	
24.12.2021 17:50:24	1246	17.1	1.239	3.566	6.033	0.000	657	178	0	0	26.3	750.1	
24.12.2021 17:50:25	1247	17.5	1.158	3.566	6.033	0.000	509	254	0	0	26.3	750.5	
24.12.2021 17:50:27	1249	18.2	1.086	2.381	4.235	0.000	509	254	0	0	26.3	750.5	
24.12.2021 17:50:29	1251	18.5	0.998	2.381	4.235	0.000	509	313	0	0	26.3	750.2	
24.12.2021 17:50:31	1253	18.7	0.939	2.381	4.235	0.000	385	313	0	0	26.4	750.1	
24.12.2021 17:50:32	1254	18.7	0.939	2.381	4.235	0.000	385	313	0	0	26.4	750.1	
24.12.2021 17:50:33	1255	18.7	0.939	2.381	4.235	0.000	385	313	0	0	26.4	750.1	
24.12.2021 17:50:35	1257	19.3	0.836	0.959	2.887	0.000	282	349	0	0	26.4	750.0	
24.12.2021 17:50:36	1258	19.5	0.727	0.959	1.958	0.000	282	349	0	0	26.3	750.4	
24.12.2021 17:50:38	1260	19.5	0.727	0.959	1.958	0.000	282	365	0	0	26.3	750.4	
24.12.2021 17:50:39	1261	19.7	0.654	0.614	1.468	0.000	210	365	0	0	26.3	750.1	
24.12.2021 17:50:40	1262	19.8	0.624	0.614	1.468	0.000	210	365	0	0	26.2	750.2	
24.12.2021 17:50:41	1263	19.8	0.594	0.614	1.468	0.000	163	365	0	0	26.2	750.3	
24.12.2021 17:50:42	1264	19.9	0.572	0.409	1.468	0.000	163	363	0	0	26.3	750.3	
24.12.2021 17:50:43	1265	19.9	0.572	0.409	1.468	0.000	163	363	0	0	26.3	750.3	
24.12.2021 17:50:44	1266	19.9	0.572	0.409	1.468	0.000	163	363	0	0	26.3	750.3	
24.12.2021 17:50:45	1267	19.9	0.572	0.409	1.468	0.000	163	363	0	0	26.3	750.3	
24.12.2021 17:50:47	1269	20.0	0.484	0.291	1.059	0.000	131	347	0	0	26.1	750.2	
24.12.2021 17:50:49	1271	20.1	0.422	0.291	0.799	0.000	114	347	0	0	26.5	750.4	
24.12.2021 17:50:50	1272	20.1	0.422	0.291	0.799	0.000	114	114	0	0	26.5	750.4	
24.12.2021 17:50:52	1274	20.0	0.396	0.215	0.639	0.000	114	114	0	0	26.4	750.1	
24.12.2021 17:50:53	1275	20.0	0.396	0.215	0.639	0.000	114	114	0	0	26.4	750.1	
24.12.2021 17:50:54	1276	19.5	0.362	0.172	0.639	0.000	101	114	0	0	26.2	750.1	
24.12.2021 17:50:56	1278	18.7	0.394	0.172	0.579	0.000	101	65	0	0	26.2	750.4	
24.12.2021 17:50:58	1280	18.3	0.407	0.172	0.579	0.000	95	65	0	0	26.3	750.4	
24.12.2021 17:50:59	1281	17.8	0.428	0.215	0.759	0.000	95	58	0	0	26.5	750.4	
24.12.2021 17:51:00	1282	17.1	0.475	0.215	0.759	0.000	95	58	0	0	26.6	750.4	
24.12.2021 17:51:01	1283	16.5	0.528	0.215	0.759	0.000	109	58	0	0	26.5	750.3	
24.12.2021 17:51:02	1284	15.9	0.568	0.409	0.759	0.000	109	54	0	0	26.4	750.4	
24.12.2021 17:51:03	1285	15.1	0.641	0.409	1.288	0.000	109	54	0	0	26.3	750.2	
24.12.2021 17:51:05	1287	13.4	0.792	0.873	1.288	0.000	156	54	0	0	26.3	750.2	
24.12.2021 17:51:06	1288	13.4	0.792	0.873	1.288	0.000	156	50	0	0	26.3	750.2	
24.12.2021 17:51:08	1290	12.6	0.897	0.873	2.377	0.000	156	50	0	0	26.3	750.5	
24.12.2021 17:51:09	1291	10.9	1.107	0.873	2.377	0.000	251	50	0	0	26.3	750.2	
24.12.2021 17:51:10	1292	10.3	1.134	1.735	2.377	0.000	251	50	0	0	26.2	750.3	
24.12.2021 17:51:11	1293	9.6	1.255	1.735	4.085	0.000	251	50	0	0	26.2	750.1	
24.12.2021 17:51:12	1294	9.6	1.255	1.735	4.085	0.000	251	50	0	0	26.2	750.1	
24.12.2021 17:51:14	1296	8.4	1.398	2.931	4.085	0.000	401	51	0	0	26.2	750.6	
24.12.2021 17:51:16	1298	7.4	1.601	2.931	6.083	0.000	401	51	0	0	26.3	750.1	
24.12.2021 17:51:17	1299	7.0	1.692	2.931	6.083	0.000	579	51	0	0	26.2	750.0	
24.12.2021 17:51:18	1300	6.6	1.700	4.202	6.083	0.000	579	57	0	0	26.2	750.1	
24.12.2021 17:51:20	1302	6.0	1.871	4.202	7.950	0.000	757	57	0	0	26.3	750.3	
24.12.2021 17:51:21	1303	6.0	1.871	4.202	7.950	0.000	757	57	0	0	26.3	750.3	
24.12.2021 17:51:22	1304	6.0	1.871	4.202	7.950	0.000	757	64	0	0	26.3	750.3	
24.12.2021 17:51:24	1306	6.0	1.871	4.202	7.950	0.000	757	64	0	0	26.3	750.3	
24.12.2021 17:51:25	1307	5.1	2.097	5.322	9.449	0.490	911	64	0	0	26.3	750.1	
24.12.2021 17:51:26	1308	4.9	2.083	6.217	9.449	0.490	911	76	0	0	26.4	750.3	
24.12.2021 17:51:27	1309	4.7	2.164	6.217	10.587	0.490	911	76	0	0	26.2	750.3	
24.12.2021 17:51:29	1311	4.4	2.245	6.874	10.587	1.431	1025	76	0	0	26.3	750.4	
24.12.2021 17:51:30	1312	4.4	2.245	6.874	10.587	1.431	1025	0	0	0	26.3	750.4	
24.12.2021 17:51:31	1313	4.3	2.308	6.874	11.396	1.431	1025	0	0	0	26.2	750.7	
24.12.2021 17:51:32	1314	4.2	2.358	6.874	11.396	2.238	1025	0	0	0	26.1	750.6	
24.12.2021 17:51:33	1315	4.1	2.402	6.874	11.396	2.238	1108	0	0	0	26.4	750.6	
24.12.2021 17:51:35	1317	4.0	2.451	7.305	11.946	2.238	1108	0	0	0	26.3	750.3	
24.12.2021 17:51:36	1318	4.0	2.503	7.305	11.946	2.924	1108	0	0	0	26.2	750.1	
24.12.2021 17:51:37	1319	3.9	2.532	7.305	11.946	2.924	1164	0	0	0	26.3	750.2	
24.12.2021 17:51:38	1320	3.9	2.532	7.305	11.946	2.924	1164	0	0	0	26.3	750.2	
24.12.2021 17:51:40	1322	3.8	2.585	7.596	12.295	3.435	1164	0	0	0	26.4	750.6	
24.12.2021 17:51:41	1323	3.8	2.623	7.596	12.295	3.435	1201	0	0	0	26.5	750.7	
24.12.2021 17:51:43	1325	3.8	2.673	7.768	12.505	3.812	1201	0	0	0	26.4	750.1	
24.12.2021 17:51:44	1326	3.8	2.673	7.768	12.505	3.812	1201	0	0	0	26.4	750.1	
24.12.2021 17:51:45	1327	3.8	2.673	7.768	12.505	3.812	1201	0	0	0	26.4	750.1	
24.12.2021 17:51:46	1328	3.7	2.718	7.876	12.505	3.812	1228	0	0	0	26.4	750.6	
24.12.2021 17:51:48	1330	3.7	2.757	7.876	12.645	4.080	1228	0	0	0	26.6	750.5	
24.12.2021 17:51:50	1332	3.7	2.776	7.940	12.645	4.080	1249	0	0	0	26.6	750.4	
24.12.2021 17:51:51	1333	3.7	2.776	7.940	12.645	4.080	1249	0	0	0	26.6	750.4	
24.12.2021 17:51:53	1335	3.7	2.820	7.940	12.725	4.242	1262	0	0	0	26.5	750.4	
24.12.2021 17:51:54	1336	3.7	2.831	7.973	12.725	4.242	1262	0	0	0	26.5	750.4	
24.12.2021 17:51:55	1337	3.7	2.831	7.973	12.725	4.242	1262	0	0	0	26.5	750.4	
24.12.2021 17:51:57	1339	3.7	2.863	7.973	12.765	4.376	1273	0	0	0	26.6	750.2	
24.12.2021 17:51:58	1340	3.7	2.875	7.994	12.765	4.376	1273	0	0	0	26.5	750.1	
24.12.2021 17:52:00	1342	3.7	2.882	7.994	12.804	4.376	1273	0	0	0	26.5	750.7	
24.12.2021 17:52:02	1344	3.7	2.882	7.994	12.804	4.376	1273	0	0	0	26.5	750.7	
24.12.2021 17:52:03	1345	3.7	2.908	7.994	12.804	4.511	1280	0	0	0	26.3	750.5	
24.12.2021 17:52:05	1347	3.7	2.908	7.994	12.804	4.511	1280	0	0	0	26.3	750.5	
24.12.2021 17:52:07	1349	3.7	2.936	8.005	12.794	4.592	1286	0	0	0	26.8	750.7	
24.12.2021 17:52:08	1350	3.6	2.943	8.005	12.794	4.740	1286	0	0	0	26.6	750.6	
24.12.2021 17:52:09	1351	3.6	2.943	8.005	12.794	4.740	1286	0	0	0	26.6	750.6	
24.12.2021 17:52:11	1353	3.6	2.971	8.027	12.834	4.861	1294	0	0	0	26.7	750.7	
24.12.2021 17:52:13	1355	3.6	2.971	8.027	12.834	4.861	1294	0	0	0	26.7	750.7	
24.12.2021 17:52:14	1356	3.6	2.983	8.059	12.834	4.861	1304	0	0	0	26.6	750.5	
24.12.2021 17:52:16	1358	3.6	2.989	8.059	12.854	4.861	1304	0	0	0	26.5	750.0	
24.12.2021 17:52:18	1360	3.7	2.988	8.102	12.854	4.914	1310	0	0	0	26.5	750.3	
24.12.2021 17:52:19	1361	3.7	2.988	8.102	12.854	4.914	1310	0	0	0	26.5	750.3	
24.12.2021 17:52:21	1363	4.0	2.959	8.102	12.884	4.995	1308	0	0	0	26.4	750.2	
24.12.2021 17:52:22	1364	4.0	2.959	8.102	12.884	4.995	1308	0	0	0	26.4	750.2	
24.12.2021 17:52:23	1365	4.9	2.893	8.091	12.844	4.995	1308	17	0	0	26.4	750.2	
24.12.2021 17:52:24	1366	5.6	2.830	8.091	12.844	4.914	1308	17	0	0	26.3	750.5	
24.12.2021 17:52:25	1367	6.2	2.771	8.091	12.844	4.914	1303	17	0	0	26.4	750.4	
24.12.2021 17:52:27	1369	7.0	2.726	7.833	12.405	4.914	1303	44	0	0	26.4	750.2	
24.12.2021 17:52:28	1370	7.0	2.726	7.833	12.405	4.914	1303	44	0	0	26.4	750.2	
24.12.2021 17:52:30	1372	7.0	2.726	7.833	12.405	4.914	1303	44	0	0	26.4	750.2	
24.12.2021 17:52:31	1373	7.0	2.726	7.833	12.405	4.914	1303	44	0	0	26.4	750.2	
24.12.2021 17:52:33	1375	12.4	2.144	7.143	11.336	3.314	1171	101	0	0	26.4	750.3	
24.12.2021 17:52:35	1377	13.9	1.995	6.001	9.628	3.314	1171	184	0	0	26.4	750.3	
24.12.2021 17:52:36	1378	14.5	1.897	6.001	9.628	1.794	1035	184	0	0	26.2	750.3	
24.12.2021 17:52:38	1380	14.5	1.897	6.001	9.628	1.794	1035	184	0	0	26.2	750.3	
24.12.2021 17:52:40	1382	16.6	1.574	4.579	7.521	0.288	859	270	0	0	26.3	750.0	
24.12.2021 17:52:42	1384	16.6	1.574	4.579	7.521	0.288	859	270	0	0	26.3	750.0	
24.12.2021 17:52:43	1385	17.6	1.433	3.211	5.473	0.288	859	270	0	0	26.3	750.2	
24.12.2021 17:52:45	1387	17.6	1.433	3.211	5.473	0.288	859	363	0	0	26.3	750.2	
24.12.2021 17:52:47	1389	18.3	1.329	2.133	5.473	0.000	677	363	0	0	26.3	750.4	
24.12.2021 17:52:48	1390	18.3	1.329	2.133	5.473	0.000	677	363	0	0	26.3	750.4	
24.12.2021 17:52:49	1391	18.3	1.329	2.133	5.473	0.000	677	429	0	0	26.3	750.4	
24.12.2021 17:52:51	1393	19.1	1.089	1.368	3.805	0.000	520	429	0	0	26.4	750.6	
24.12.2021 17:52:53	1395	19.4	0.941	1.368	2.597	0.000	400	469	0	0	26.3	750.7	
24.12.2021 17:52:55	1397	19.7	0.849	0.873	1.778	0.000	400	469	0	0	26.4	750.7	
24.12.2021 17:52:57	1399	19.7	0.849	0.873	1.778	0.000	400	481	0	0	26.4	750.7	
24.12.2021 17:52:59	1401	19.8	0.762	0.560	1.778	0.000	308	481	0	0	26.5	750.4	
24.12.2021 17:53:00	1402	20.0	0.660	0.560	1.229	0.000	246	481	0	0	26.6	750.3	
24.12.2021 17:53:02	1404	20.0	0.638	0.366	1.229	0.000	246	476	0	0	26.5	750.6	
24.12.2021 17:53:04	1406	20.1	0.554	0.366	0.889	0.000	246	476	0	0	26.6	750.1	
24.12.2021 17:53:05	1407	20.1	0.537	0.366	0.889	0.000	205	459	0	0	26.6	750.2	
24.12.2021 17:53:06	1408	20.1	0.537	0.366	0.889	0.000	205	459	0	0	26.6	750.2	
24.12.2021 17:53:07	1409	20.1	0.537	0.366	0.889	0.000	205	459	0	0	26.6	750.2	
