Tabs	Trel	O2(%)	H2(%)	CO(%)	CO2(%)	CH4(%)	SO2(ppm)	NO(ppm)	NO2(ppm)	N2O(ppm)	T(°C)	P()	Comments
24.12.2021 18:05:08	0	20.6	0.000	0.032	0.250	0.000	52	31	0	0	26.4	750.3	
24.12.2021 18:05:10	2	20.6	0.000	0.032	0.240	0.000	52	33	0	0	26.5	750.2	
24.12.2021 18:05:12	4	20.6	0.000	0.032	0.240	0.000	57	33	0	0	26.4	750.5	
24.12.2021 18:05:14	6	20.6	0.000	0.032	0.290	0.000	57	35	0	0	26.4	750.7	
24.12.2021 18:05:15	7	20.6	0.000	0.032	0.290	0.000	57	35	0	0	26.4	750.6	
24.12.2021 18:05:16	8	20.6	0.000	0.032	0.290	0.000	63	35	0	0	26.5	750.6	
24.12.2021 18:05:17	9	20.6	0.000	0.032	0.290	0.000	63	35	0	0	26.4	750.3	
24.12.2021 18:05:19	11	20.7	0.000	0.032	0.300	0.000	63	38	0	0	26.4	750.1	
24.12.2021 18:05:21	13	20.7	0.000	0.032	0.300	0.000	67	38	0	0	26.3	750.6	
24.12.2021 18:05:22	14	20.7	0.000	0.032	0.280	0.000	67	38	0	0	26.3	750.4	
24.12.2021 18:05:24	16	20.7	0.000	0.032	0.280	0.000	67	38	0	0	26.4	750.8	
24.12.2021 18:05:25	17	20.7	0.000	0.032	0.280	0.000	67	38	0	0	26.4	750.8	
24.12.2021 18:05:27	19	20.7	0.000	0.032	0.250	0.000	69	38	0	0	26.4	750.7	
24.12.2021 18:05:28	20	20.7	0.000	0.032	0.250	0.000	69	38	0	0	26.4	750.7	
24.12.2021 18:05:29	21	20.7	0.000	0.032	0.250	0.000	69	38	0	0	26.4	750.7	
24.12.2021 18:05:31	23	20.7	0.000	0.032	0.200	0.000	68	36	0	0	26.4	750.6	
24.12.2021 18:05:33	25	20.7	0.000	0.032	0.200	0.000	67	33	0	0	26.3	750.6	
24.12.2021 18:05:35	27	20.7	0.000	0.022	0.150	0.000	67	33	0	0	26.4	750.6	
24.12.2021 18:05:37	29	20.7	0.000	0.022	0.150	0.000	65	33	0	0	26.5	750.7	
24.12.2021 18:05:38	30	20.8	0.000	0.022	0.100	0.000	65	32	0	0	26.3	750.4	
24.12.2021 18:05:40	32	20.8	0.000	0.022	0.100	0.000	65	32	0	0	26.3	750.4	
24.12.2021 18:05:41	33	20.8	0.000	0.011	0.100	0.000	64	32	0	0	26.5	750.1	
24.12.2021 18:05:42	34	20.8	0.000	0.011	0.070	0.000	64	31	0	0	26.5	750.7	
24.12.2021 18:05:43	35	20.8	0.000	0.011	0.070	0.000	64	31	0	0	26.5	750.6	
24.12.2021 18:05:44	36	20.8	0.000	0.011	0.070	0.000	63	31	0	0	26.4	750.4	
24.12.2021 18:05:46	38	20.8	0.000	0.011	0.070	0.000	63	29	0	0	26.6	750.6	
24.12.2021 18:05:47	39	20.8	0.000	0.011	0.070	0.000	63	29	0	0	26.6	750.6	
24.12.2021 18:05:48	40	20.8	0.000	0.011	0.050	0.000	62	29	0	0	26.6	751.0	
24.12.2021 18:05:50	42	20.8	0.000	0.011	0.040	0.000	62	28	0	0	26.8	751.1	
24.12.2021 18:05:51	43	20.8	0.000	0.011	0.040	0.000	62	28	0	0	26.8	751.1	
24.12.2021 18:05:53	45	20.8	0.000	0.011	0.040	0.000	61	28	0	0	26.6	751.1	
24.12.2021 18:05:54	46	20.8	0.000	0.011	0.040	0.000	61	27	0	0	26.6	751.1	
24.12.2021 18:05:55	47	20.8	0.000	0.011	0.030	0.000	61	27	0	0	26.6	751.2	
24.12.2021 18:05:56	48	20.8	0.000	0.011	0.030	0.000	60	27	0	0	26.6	750.9	
24.12.2021 18:05:57	49	20.8	0.000	0.011	0.020	0.000	60	26	0	0	26.5	750.9	
24.12.2021 18:05:58	50	20.8	0.000	0.011	0.020	0.000	60	26	0	0	26.5	750.9	
24.12.2021 18:05:59	51	20.8	0.000	0.011	0.020	0.000	60	26	0	0	26.5	750.9	
24.12.2021 18:06:00	52	20.8	0.000	0.011	0.020	0.000	61	26	0	0	26.5	750.7	
24.12.2021 18:06:01	53	20.8	0.000	0.011	0.020	0.000	61	25	0	0	26.5	750.7	
24.12.2021 18:06:03	55	20.8	0.000	0.011	0.020	0.000	61	25	0	0	26.7	750.3	
24.12.2021 18:06:05	57	20.7	0.000	0.011	0.020	0.000	63	25	0	0	26.6	750.4	
24.12.2021 18:06:06	58	20.7	0.000	0.011	0.020	0.000	63	25	0	0	26.5	750.3	
24.12.2021 18:06:07	59	20.7	0.000	0.011	0.020	0.000	63	25	0	0	26.8	750.6	
24.12.2021 18:06:08	60	20.7	0.007	0.011	0.020	0.000	63	25	0	0	26.7	750.5	
24.12.2021 18:06:09	61	20.7	0.000	0.011	0.020	0.000	63	24	0	0	26.8	750.6	
24.12.2021 18:06:10	62	20.7	0.000	0.011	0.020	0.000	63	24	0	0	27.0	750.6	
24.12.2021 18:06:12	64	20.7	0.000	0.011	0.020	0.000	64	24	0	0	26.7	750.7	
24.12.2021 18:06:13	65	20.7	0.000	0.011	0.020	0.000	64	24	0	0	26.7	750.7	
24.12.2021 18:06:14	66	20.4	0.007	0.011	0.030	0.000	64	24	0	0	26.8	750.8	
24.12.2021 18:06:15	67	20.4	0.007	0.011	0.030	0.000	64	24	0	0	26.8	750.8	
24.12.2021 18:06:17	69	20.4	0.007	0.011	0.030	0.000	64	24	0	0	26.8	750.8	
24.12.2021 18:06:18	70	18.7	0.107	0.043	0.160	0.000	65	23	0	0	26.6	750.6	
24.12.2021 18:06:19	71	17.9	0.167	0.043	0.160	0.000	65	23	0	0	26.6	750.7	
24.12.2021 18:06:20	72	17.1	0.227	0.043	0.160	0.000	78	23	0	0	27.0	750.8	
24.12.2021 18:06:21	73	16.3	0.282	0.194	0.649	0.000	78	22	0	0	26.8	750.5	
24.12.2021 18:06:23	75	14.4	0.465	0.194	0.649	0.000	118	22	0	0	26.8	750.6	
24.12.2021 18:06:24	76	14.4	0.465	0.194	0.649	0.000	118	22	0	0	26.8	750.6	
24.12.2021 18:06:26	78	12.1	0.701	0.636	1.858	0.000	118	22	0	0	26.9	750.8	
24.12.2021 18:06:28	80	11.3	0.802	0.636	1.858	0.000	118	22	0	0	26.6	750.8	
24.12.2021 18:06:29	81	11.3	0.802	0.636	1.858	0.000	118	22	0	0	26.6	750.8	
24.12.2021 18:06:31	83	11.3	0.802	0.636	1.858	0.000	118	26	0	0	26.6	750.8	
24.12.2021 18:06:32	84	11.3	0.802	0.636	1.858	0.000	118	26	0	0	26.6	750.8	
24.12.2021 18:06:34	86	6.7	1.242	3.027	7.081	0.000	363	35	0	0	26.6	750.6	
24.12.2021 18:06:36	88	5.7	1.365	3.027	7.081	0.000	531	35	0	0	26.9	750.9	
24.12.2021 18:06:37	89	5.7	1.365	3.027	7.081	0.000	531	42	0	0	26.9	750.9	
24.12.2021 18:06:38	90	5.7	1.365	3.027	7.081	0.000	531	42	0	0	26.9	750.9	
24.12.2021 18:06:39	91	4.9	1.327	4.503	9.738	0.000	531	42	0	0	26.8	750.8	
24.12.2021 18:06:40	92	4.9	1.327	4.503	9.738	0.000	531	42	0	0	26.8	750.8	
24.12.2021 18:06:42	94	4.9	1.327	4.503	9.738	0.000	531	50	0	0	26.8	750.8	
24.12.2021 18:06:43	95	4.4	1.253	5.527	11.736	0.000	661	50	0	0	26.7	750.6	
24.12.2021 18:06:44	96	4.4	1.253	5.527	11.736	0.000	661	50	0	0	26.7	750.6	
24.12.2021 18:06:46	98	4.9	1.110	5.839	13.014	0.000	709	54	0	0	26.6	750.6	
24.12.2021 18:06:47	99	5.2	1.061	5.839	13.014	0.000	672	54	0	0	26.5	750.5	
24.12.2021 18:06:48	100	5.2	1.061	5.839	13.014	0.000	672	54	0	0	26.5	750.5	
24.12.2021 18:06:49	101	5.5	1.049	5.398	13.014	0.000	672	54	0	0	26.5	750.5	
24.12.2021 18:06:51	103	6.5	0.890	5.398	13.584	0.000	574	56	0	0	26.7	750.8	
24.12.2021 18:06:53	105	6.9	0.919	4.450	13.584	0.000	574	56	0	0	26.6	750.4	
24.12.2021 18:06:54	106	6.9	0.919	4.450	13.584	0.000	574	55	0	0	26.6	750.4	
24.12.2021 18:06:56	108	8.2	0.715	4.450	13.504	0.000	454	55	0	0	26.4	750.6	
24.12.2021 18:06:57	109	8.6	0.742	3.329	12.944	0.000	454	55	0	0	26.5	750.6	
24.12.2021 18:06:59	111	8.9	0.696	3.329	12.944	0.000	454	54	0	0	26.4	750.5	
24.12.2021 18:07:00	112	8.9	0.696	3.329	12.944	0.000	454	54	0	0	26.4	750.5	
24.12.2021 18:07:02	114	9.8	0.607	2.316	12.125	0.000	343	51	0	0	26.4	750.5	
24.12.2021 18:07:03	115	10.0	0.568	2.316	12.125	0.000	343	51	0	0	26.6	750.7	
24.12.2021 18:07:05	117	10.0	0.568	2.316	12.125	0.000	343	51	0	0	26.6	750.7	
24.12.2021 18:07:06	118	10.3	0.521	1.541	11.286	0.000	253	49	0	0	26.3	750.7	
24.12.2021 18:07:08	120	10.5	0.482	1.541	11.286	0.000	253	49	0	0	26.3	750.6	
24.12.2021 18:07:09	121	10.7	0.444	1.013	10.627	0.000	187	49	0	0	26.5	750.6	
24.12.2021 18:07:10	122	10.8	0.415	1.013	10.627	0.000	187	45	0	0	26.7	750.9	
24.12.2021 18:07:12	124	10.8	0.415	1.013	10.627	0.000	187	45	0	0	26.7	750.9	
24.12.2021 18:07:13	125	11.0	0.373	0.679	10.168	0.000	143	45	0	0	26.7	750.7	
24.12.2021 18:07:15	127	11.1	0.326	0.679	10.168	0.000	116	43	0	0	26.5	750.6	
24.12.2021 18:07:16	128	11.1	0.326	0.679	10.168	0.000	116	43	0	0	26.5	750.6	
24.12.2021 18:07:17	129	11.1	0.326	0.679	10.168	0.000	116	43	0	0	26.5	750.6	
24.12.2021 18:07:18	130	11.2	0.287	0.463	9.868	0.000	116	43	0	0	26.7	750.7	
24.12.2021 18:07:20	132	11.2	0.262	0.345	9.868	0.000	98	41	0	0	26.6	750.8	
24.12.2021 18:07:22	134	11.2	0.262	0.345	9.868	0.000	98	41	0	0	26.6	750.8	
24.12.2021 18:07:23	135	11.3	0.224	0.345	9.668	0.000	98	39	0	0	26.6	750.9	
24.12.2021 18:07:24	136	11.3	0.219	0.345	9.668	0.000	90	39	0	0	26.6	751.1	
24.12.2021 18:07:25	137	11.3	0.202	0.280	9.668	0.000	90	39	0	0	26.4	750.8	
24.12.2021 18:07:27	139	11.3	0.170	0.280	9.548	0.000	84	38	0	0	26.5	750.5	
24.12.2021 18:07:28	140	11.3	0.169	0.237	9.548	0.000	84	38	0	0	26.5	750.5	
24.12.2021 18:07:29	141	11.3	0.169	0.237	9.548	0.000	84	38	0	0	26.5	750.5	
24.12.2021 18:07:30	142	11.3	0.165	0.237	9.488	0.000	84	37	0	0	26.7	750.6	
24.12.2021 18:07:31	143	11.3	0.156	0.237	9.488	0.000	84	37	0	0	26.6	750.6	
24.12.2021 18:07:33	145	11.3	0.156	0.237	9.488	0.000	84	37	0	0	26.6	750.6	
24.12.2021 18:07:35	147	11.3	0.114	0.205	9.459	0.000	79	35	0	0	26.8	750.7	
24.12.2021 18:07:36	148	11.3	0.110	0.205	9.459	0.000	76	35	0	0	26.7	750.4	
24.12.2021 18:07:38	150	11.3	0.106	0.194	9.449	0.000	76	34	0	0	26.7	750.5	
24.12.2021 18:07:40	152	11.3	0.106	0.194	9.449	0.000	74	34	0	0	26.7	751.0	
24.12.2021 18:07:41	153	11.3	0.106	0.183	9.449	0.000	74	34	0	0	26.8	750.7	
24.12.2021 18:07:42	154	11.3	0.106	0.183	9.449	0.000	74	34	0	0	26.8	750.7	
24.12.2021 18:07:43	155	11.4	0.079	0.183	9.449	0.000	72	34	0	0	26.8	751.0	
24.12.2021 18:07:44	156	11.4	0.079	0.172	9.449	0.000	72	34	0	0	26.6	750.8	
24.12.2021 18:07:45	157	11.4	0.083	0.172	9.429	0.000	72	34	0	0	26.7	750.8	
24.12.2021 18:07:46	158	11.4	0.072	0.172	9.429	0.000	72	32	0	0	26.7	751.1	
24.12.2021 18:07:48	160	11.4	0.072	0.172	9.429	0.000	72	32	0	0	26.7	751.1	
24.12.2021 18:07:49	161	11.4	0.056	0.172	9.419	0.000	73	32	0	0	26.7	751.1	
24.12.2021 18:07:50	162	11.4	0.056	0.172	9.419	0.000	73	32	0	0	26.7	751.1	
24.12.2021 18:07:52	164	11.3	0.049	0.172	9.419	0.000	72	32	0	0	26.9	751.0	
24.12.2021 18:07:53	165	11.3	0.048	0.162	9.419	0.000	72	32	0	0	26.8	751.0	
24.12.2021 18:07:55	167	11.3	0.048	0.162	9.409	0.000	72	31	0	0	26.7	750.7	
24.12.2021 18:07:57	169	11.3	0.047	0.162	9.409	0.000	73	31	0	0	26.6	750.6	
24.12.2021 18:07:59	171	11.3	0.047	0.162	9.419	0.000	73	30	0	0	26.7	750.7	
24.12.2021 18:08:01	173	11.2	0.047	0.162	9.439	0.000	73	30	0	0	26.7	750.8	
24.12.2021 18:08:02	174	11.2	0.047	0.162	9.439	0.000	73	30	0	0	26.7	750.8	
24.12.2021 18:08:04	176	11.2	0.047	0.162	9.439	0.000	71	30	0	0	26.6	750.8	
24.12.2021 18:08:06	178	11.2	0.047	0.162	9.439	0.000	71	30	0	0	26.6	750.8	
24.12.2021 18:08:08	180	11.3	0.048	0.151	9.479	0.000	71	30	0	0	26.5	750.3	
24.12.2021 18:08:09	181	11.3	0.041	0.151	9.508	0.000	71	30	0	0	26.6	750.6	
24.12.2021 18:08:10	182	11.3	0.041	0.151	9.508	0.000	71	30	0	0	26.6	750.6	
24.12.2021 18:08:11	183	11.3	0.041	0.151	9.508	0.000	71	30	0	0	26.6	750.6	
24.12.2021 18:08:12	184	11.5	0.039	0.151	9.508	0.000	70	30	0	0	26.5	750.7	
24.12.2021 18:08:14	186	11.8	0.037	0.151	9.479	0.000	70	29	0	0	26.4	750.8	
24.12.2021 18:08:16	188	12.1	0.037	0.151	9.479	0.000	69	29	0	0	26.3	750.9	
24.12.2021 18:08:17	189	12.1	0.037	0.151	9.479	0.000	69	29	0	0	26.3	750.9	
24.12.2021 18:08:19	191	13.3	0.042	0.151	9.229	0.000	68	29	0	0	26.5	750.5	
24.12.2021 18:08:20	192	13.3	0.042	0.151	9.229	0.000	68	29	0	0	26.5	750.5	
24.12.2021 18:08:21	193	13.3	0.042	0.151	9.229	0.000	68	29	0	0	26.5	750.5	
24.12.2021 18:08:22	194	14.4	0.033	0.140	8.590	0.000	68	29	0	0	26.5	750.6	
24.12.2021 18:08:23	195	15.0	0.037	0.140	8.590	0.000	68	28	0	0	26.4	750.6	
24.12.2021 18:08:24	196	15.0	0.037	0.140	8.590	0.000	68	28	0	0	26.4	750.6	
24.12.2021 18:08:25	197	16.1	0.044	0.129	7.461	0.000	69	28	0	0	26.3	750.7	
24.12.2021 18:08:26	198	16.5	0.026	0.129	7.461	0.000	69	26	0	0	26.4	750.8	
24.12.2021 18:08:27	199	16.9	0.031	0.129	7.461	0.000	68	26	0	0	26.5	750.6	
24.12.2021 18:08:28	200	16.9	0.031	0.129	7.461	0.000	68	26	0	0	26.5	750.6	
24.12.2021 18:08:29	201	16.9	0.031	0.129	7.461	0.000	68	26	0	0	26.5	750.6	
24.12.2021 18:08:31	203	18.1	0.006	0.108	5.983	0.000	67	24	0	0	26.3	750.7	
24.12.2021 18:08:33	205	18.1	0.006	0.108	5.983	0.000	67	24	0	0	26.3	750.7	
24.12.2021 18:08:34	206	18.7	0.000	0.086	4.734	0.000	67	24	0	0	26.4	750.9	
24.12.2021 18:08:36	208	19.2	0.000	0.075	4.734	0.000	67	22	0	0	26.4	750.7	
24.12.2021 18:08:38	210	19.5	0.000	0.075	3.336	0.000	67	20	0	0	26.5	750.7	
24.12.2021 18:08:40	212	19.7	0.000	0.054	3.336	0.000	66	20	0	0	26.5	750.7	
24.12.2021 18:08:41	213	19.7	0.000	0.054	3.336	0.000	66	20	0	0	26.5	750.7	
24.12.2021 18:08:43	215	19.9	0.002	0.054	2.257	0.000	65	19	0	0	26.4	750.2	
24.12.2021 18:08:44	216	20.0	0.000	0.043	2.257	0.000	65	19	0	0	26.4	750.3	
24.12.2021 18:08:45	217	20.0	0.000	0.043	2.257	0.000	65	19	0	0	26.4	750.3	
24.12.2021 18:08:46	218	20.0	0.000	0.043	2.257	0.000	65	19	0	0	26.4	750.3	
24.12.2021 18:08:47	219	20.0	0.000	0.043	2.257	0.000	65	19	0	0	26.4	750.3	
24.12.2021 18:08:48	220	20.2	0.000	0.032	1.508	0.000	67	19	0	0	26.4	750.8	
24.12.2021 18:08:49	221	20.3	0.000	0.032	1.029	0.000	67	19	0	0	26.3	750.6	
24.12.2021 18:08:51	223	20.3	0.000	0.032	1.029	0.000	67	17	0	0	26.3	750.6	
24.12.2021 18:08:53	225	20.3	0.000	0.032	0.729	0.000	67	17	0	0	26.3	750.3	
24.12.2021 18:08:55	227	20.3	0.000	0.032	0.729	0.000	67	17	0	0	26.3	750.3	
24.12.2021 18:08:56	228	20.1	0.000	0.032	0.729	0.000	67	17	0	0	26.4	750.6	
24.12.2021 18:08:57	229	20.1	0.000	0.032	0.729	0.000	67	17	0	0	26.4	750.6	
24.12.2021 18:08:59	231	20.1	0.000	0.032	0.729	0.000	67	17	0	0	26.4	750.6	
24.12.2021 18:09:01	233	20.1	0.000	0.032	0.729	0.000	67	17	0	0	26.4	750.6	
24.12.2021 18:09:02	234	20.1	0.000	0.032	0.729	0.000	67	17	0	0	26.4	750.6	
24.12.2021 18:09:03	235	20.1	0.000	0.032	0.729	0.000	67	17	0	0	26.4	750.6	
24.12.2021 18:09:04	236	20.1	0.000	0.032	0.729	0.000	67	18	0	0	26.4	750.6	
24.12.2021 18:09:05	237	20.1	0.000	0.032	0.729	0.000	67	18	0	0	26.4	750.6	
24.12.2021 18:09:07	239	20.1	0.000	0.032	0.729	0.000	67	18	0	0	26.4	750.6	
24.12.2021 18:09:09	241	15.8	0.000	0.043	1.728	0.000	67	19	0	0	26.2	750.4	
24.12.2021 18:09:10	242	15.3	0.000	0.043	1.728	0.000	67	19	0	0	26.3	750.2	
24.12.2021 18:09:11	243	15.3	0.000	0.043	1.728	0.000	67	19	0	0	26.3	750.2	
24.12.2021 18:09:12	244	15.3	0.000	0.043	1.728	0.000	67	19	0	0	26.3	750.2	
24.12.2021 18:09:14	246	13.7	0.000	0.065	3.066	0.000	66	20	0	0	26.5	750.6	
24.12.2021 18:09:16	248	13.2	0.000	0.065	3.066	0.000	65	20	0	0	26.5	750.9	
24.12.2021 18:09:17	249	13.2	0.000	0.065	3.066	0.000	65	21	0	0	26.5	750.9	
24.12.2021 18:09:18	250	12.4	0.000	0.086	4.794	0.000	65	21	0	0	26.4	750.5	
24.12.2021 18:09:19	251	12.0	0.000	0.086	4.794	0.000	65	21	0	0	26.5	750.6	
24.12.2021 18:09:20	252	11.7	0.000	0.129	4.794	0.000	65	21	0	0	26.4	750.9	
24.12.2021 18:09:22	254	11.2	0.000	0.129	6.522	0.000	65	21	0	0	26.3	751.0	
24.12.2021 18:09:23	255	11.0	0.000	0.129	6.522	0.000	66	21	0	0	26.2	750.5	
24.12.2021 18:09:25	257	10.7	0.000	0.162	7.990	0.000	66	22	0	0	26.4	750.9	
24.12.2021 18:09:27	259	10.7	0.000	0.162	7.990	0.000	66	22	0	0	26.4	750.9	
24.12.2021 18:09:28	260	10.7	0.000	0.162	7.990	0.000	66	22	0	0	26.4	750.9	
24.12.2021 18:09:29	261	10.7	0.000	0.162	7.990	0.000	66	22	0	0	26.4	750.9	
24.12.2021 18:09:31	263	10.2	0.000	0.194	9.089	0.000	69	22	0	0	26.4	750.6	
24.12.2021 18:09:32	264	10.1	0.000	0.215	9.089	0.000	69	22	0	0	26.4	750.5	
24.12.2021 18:09:33	265	10.1	0.000	0.215	9.089	0.000	69	22	0	0	26.4	750.5	
24.12.2021 18:09:35	267	9.9	0.000	0.215	9.818	0.000	69	22	0	0	26.5	750.5	
24.12.2021 18:09:37	269	9.9	0.001	0.226	9.818	0.000	69	22	0	0	26.3	750.5	
24.12.2021 18:09:38	270	9.9	0.001	0.226	9.818	0.000	69	22	0	0	26.3	750.5	
24.12.2021 18:09:39	271	9.9	0.001	0.226	9.818	0.000	69	22	0	0	26.3	750.5	
24.12.2021 18:09:40	272	9.9	0.001	0.226	9.818	0.000	69	22	0	0	26.3	750.5	
24.12.2021 18:09:42	274	9.7	0.000	0.237	10.557	0.000	69	22	0	0	26.3	750.6	
24.12.2021 18:09:44	276	9.7	0.000	0.237	10.557	0.000	69	22	0	0	26.3	750.6	
24.12.2021 18:09:45	277	9.7	0.000	0.237	10.557	0.000	69	22	0	0	26.3	750.6	
24.12.2021 18:09:46	278	9.7	0.000	0.237	10.557	0.000	69	22	0	0	26.3	750.6	
24.12.2021 18:09:47	279	9.6	0.000	0.237	10.717	0.000	69	22	0	0	26.5	750.6	
24.12.2021 18:09:48	280	9.6	0.000	0.237	10.827	0.000	69	22	0	0	26.5	750.9	
24.12.2021 18:09:49	281	9.6	0.000	0.237	10.827	0.000	69	22	0	0	26.5	750.9	
24.12.2021 18:09:51	283	9.6	0.000	0.237	10.827	0.000	69	21	0	0	26.5	750.9	
24.12.2021 18:09:52	284	9.6	0.000	0.237	10.827	0.000	69	21	0	0	26.5	750.9	
24.12.2021 18:09:53	285	9.6	0.000	0.248	10.927	0.000	72	21	0	0	26.4	750.7	
24.12.2021 18:09:54	286	9.6	0.000	0.248	10.927	0.000	72	21	0	0	26.4	750.7	
24.12.2021 18:09:55	287	9.5	0.000	0.248	10.927	0.000	73	21	0	0	26.3	750.4	
24.12.2021 18:09:56	288	9.5	0.000	0.248	10.927	0.000	73	21	0	0	26.4	750.3	
24.12.2021 18:09:57	289	9.5	0.000	0.248	10.987	0.000	73	21	0	0	26.5	750.6	
24.12.2021 18:09:59	291	9.5	0.000	0.248	10.987	0.000	73	21	0	0	26.4	750.8	
24.12.2021 18:10:01	293	9.5	0.000	0.248	11.047	0.000	73	21	0	0	26.4	750.3	
24.12.2021 18:10:03	295	9.4	0.000	0.248	11.047	0.000	73	21	0	0	26.2	750.6	
24.12.2021 18:10:04	296	9.4	0.000	0.248	11.047	0.000	73	21	0	0	26.2	750.6	
24.12.2021 18:10:05	297	9.4	0.000	0.248	11.097	0.000	74	21	0	0	26.2	750.6	
24.12.2021 18:10:06	298	9.4	0.000	0.248	11.097	0.000	74	21	0	0	26.4	750.7	
24.12.2021 18:10:08	300	9.4	0.001	0.259	11.097	0.000	72	21	0	0	26.3	750.5	
24.12.2021 18:10:09	301	9.4	0.017	0.259	11.137	0.000	72	21	0	0	26.2	750.7	
24.12.2021 18:10:10	302	9.4	0.017	0.259	11.137	0.000	72	21	0	0	26.2	750.7	
24.12.2021 18:10:12	304	9.4	0.017	0.259	11.137	0.000	72	21	0	0	26.2	750.7	
24.12.2021 18:10:13	305	9.3	0.000	0.259	11.186	0.000	72	21	0	0	26.3	751.1	
24.12.2021 18:10:15	307	9.3	0.008	0.259	11.186	0.000	72	21	0	0	26.5	750.8	
24.12.2021 18:10:16	308	9.3	0.008	0.259	11.186	0.000	72	21	0	0	26.5	750.8	
24.12.2021 18:10:17	309	9.3	0.008	0.259	11.186	0.000	72	21	0	0	26.5	750.8	
24.12.2021 18:10:19	311	9.3	0.000	0.259	11.236	0.000	73	20	0	0	26.3	750.3	
24.12.2021 18:10:21	313	9.3	0.002	0.269	11.266	0.000	73	20	0	0	26.3	750.8	
24.12.2021 18:10:22	314	9.3	0.010	0.269	11.266	0.000	73	20	0	0	26.2	750.3	
24.12.2021 18:10:24	316	9.3	0.000	0.269	11.266	0.000	73	20	0	0	26.2	750.8	
24.12.2021 18:10:25	317	9.3	0.000	0.269	11.266	0.000	73	20	0	0	26.2	750.8	
24.12.2021 18:10:26	318	9.3	0.004	0.269	11.286	0.000	73	20	0	0	26.1	750.5	
24.12.2021 18:10:28	320	9.3	0.004	0.269	11.286	0.000	73	20	0	0	26.1	750.5	
24.12.2021 18:10:30	322	9.4	0.007	0.269	11.286	0.000	73	20	0	0	26.3	750.4	
24.12.2021 18:10:32	324	10.0	0.000	0.269	11.286	0.000	74	20	0	0	26.3	750.8	
24.12.2021 18:10:33	325	10.0	0.000	0.269	11.286	0.000	74	20	0	0	26.3	750.8	
24.12.2021 18:10:35	327	10.8	0.000	0.269	11.186	0.000	73	20	0	0	26.1	751.0	
24.12.2021 18:10:36	328	10.8	0.000	0.269	11.186	0.000	73	20	0	0	26.1	751.0	
24.12.2021 18:10:37	329	12.1	0.000	0.259	10.807	0.000	73	20	0	0	26.2	750.5	
24.12.2021 18:10:38	330	12.1	0.000	0.259	10.807	0.000	73	20	0	0	26.2	750.5	
24.12.2021 18:10:40	332	13.4	0.000	0.226	10.807	0.000	73	20	0	0	26.2	751.0	
24.12.2021 18:10:41	333	14.1	0.000	0.226	9.888	0.000	73	20	0	0	26.2	751.1	
24.12.2021 18:10:42	334	14.6	0.000	0.226	9.888	0.000	73	20	0	0	26.3	750.8	
24.12.2021 18:10:43	335	14.6	0.000	0.226	9.888	0.000	73	20	0	0	26.3	750.8	
24.12.2021 18:10:44	336	14.6	0.000	0.226	9.888	0.000	73	19	0	0	26.3	750.8	
24.12.2021 18:10:45	337	14.6	0.000	0.226	9.888	0.000	73	19	0	0	26.3	750.8	
24.12.2021 18:10:47	339	16.6	0.000	0.194	8.400	0.000	73	19	0	0	26.4	750.4	
24.12.2021 18:10:49	341	17.6	0.000	0.151	6.572	0.000	73	17	0	0	26.3	750.4	
24.12.2021 18:10:50	342	18.0	0.000	0.151	6.572	0.000	73	17	0	0	26.4	750.3	
24.12.2021 18:10:52	344	18.0	0.000	0.151	6.572	0.000	73	17	0	0	26.4	750.3	
24.12.2021 18:10:54	346	18.0	0.000	0.151	6.572	0.000	73	16	0	0	26.4	750.3	
24.12.2021 18:10:56	348	18.0	0.000	0.151	6.572	0.000	73	16	0	0	26.4	750.3	
24.12.2021 18:10:57	349	18.0	0.000	0.151	6.572	0.000	73	16	0	0	26.4	750.3	
24.12.2021 18:10:59	351	18.0	0.000	0.151	6.572	0.000	73	15	0	0	26.4	750.3	
24.12.2021 18:11:00	352	18.0	0.000	0.151	6.572	0.000	73	15	0	0	26.4	750.3	
24.12.2021 18:11:02	354	18.0	0.000	0.151	6.572	0.000	73	15	0	0	26.4	750.3	
24.12.2021 18:11:03	355	18.0	0.000	0.151	6.572	0.000	73	13	0	0	26.4	750.3	
24.12.2021 18:11:04	356	18.0	0.000	0.151	6.572	0.000	73	13	0	0	26.4	750.3	
24.12.2021 18:11:05	357	20.1	0.000	0.054	1.478	0.000	75	13	0	0	26.3	750.3	
24.12.2021 18:11:06	358	20.1	0.000	0.054	1.478	0.000	75	13	0	0	26.3	750.6	
24.12.2021 18:11:08	360	20.2	0.000	0.032	1.478	0.000	76	13	0	0	26.4	750.8	
24.12.2021 18:11:10	362	20.3	0.000	0.032	1.009	0.000	76	13	0	0	26.3	750.7	
24.12.2021 18:11:11	363	20.3	0.000	0.032	1.009	0.000	76	13	0	0	26.3	750.3	
24.12.2021 18:11:12	364	20.3	0.000	0.032	0.729	0.000	76	13	0	0	26.2	750.2	
24.12.2021 18:11:14	366	20.2	0.000	0.032	0.729	0.000	76	12	0	0	26.2	750.2	
24.12.2021 18:11:15	367	20.2	0.000	0.032	0.729	0.000	77	12	0	0	26.3	750.3	
24.12.2021 18:11:17	369	20.1	0.000	0.022	0.729	0.000	77	12	0	0	26.2	750.3	
24.12.2021 18:11:18	370	19.5	0.000	0.022	0.609	0.000	78	13	0	0	26.5	751.0	
24.12.2021 18:11:20	372	19.2	0.000	0.022	0.609	0.000	78	13	0	0	26.2	751.0	
24.12.2021 18:11:21	373	19.2	0.000	0.022	0.609	0.000	78	13	0	0	26.2	751.0	
24.12.2021 18:11:22	374	18.0	0.000	0.022	0.749	0.000	78	13	0	0	26.3	750.7	
24.12.2021 18:11:23	375	17.5	0.000	0.022	0.749	0.000	79	13	0	0	26.4	750.8	
24.12.2021 18:11:25	377	17.5	0.000	0.022	0.749	0.000	79	13	0	0	26.4	750.8	
24.12.2021 18:11:26	378	17.5	0.000	0.022	0.749	0.000	79	13	0	0	26.4	750.8	
24.12.2021 18:11:27	379	15.2	0.000	0.065	1.278	0.000	79	14	0	0	26.2	750.7	
24.12.2021 18:11:28	380	14.6	0.000	0.065	2.377	0.000	79	14	0	0	26.1	750.8	
24.12.2021 18:11:30	382	13.3	0.000	0.065	2.377	0.000	80	15	0	0	26.3	750.7	
24.12.2021 18:11:31	383	13.3	0.000	0.065	2.377	0.000	80	15	0	0	26.3	750.7	
24.12.2021 18:11:32	384	13.3	0.000	0.065	2.377	0.000	80	15	0	0	26.3	750.7	
24.12.2021 18:11:34	386	13.3	0.000	0.065	2.377	0.000	80	15	0	0	26.3	750.7	
24.12.2021 18:11:35	387	11.3	0.005	0.108	4.175	0.000	80	15	0	0	26.4	750.7	
24.12.2021 18:11:36	388	10.8	0.008	0.183	4.175	0.000	80	15	0	0	26.3	750.8	
24.12.2021 18:11:38	390	10.3	0.027	0.183	6.322	0.000	80	15	0	0	26.3	750.6	
24.12.2021 18:11:39	391	10.3	0.027	0.183	6.322	0.000	80	16	0	0	26.3	750.6	
24.12.2021 18:11:40	392	9.4	0.031	0.291	6.322	0.000	80	16	0	0	26.4	750.7	
24.12.2021 18:11:42	394	8.8	0.035	0.291	8.330	0.000	80	16	0	0	26.3	750.6	
24.12.2021 18:11:44	396	8.6	0.035	0.291	8.330	0.000	82	16	0	0	26.3	750.8	
24.12.2021 18:11:45	397	8.1	0.027	0.409	9.978	0.000	82	16	0	0	26.4	750.3	
24.12.2021 18:11:46	398	8.1	0.027	0.409	9.978	0.000	82	16	0	0	26.4	750.3	
24.12.2021 18:11:48	400	7.8	0.019	0.506	9.978	0.000	81	16	0	0	26.2	750.9	
24.12.2021 18:11:49	401	7.7	0.019	0.506	11.166	0.000	81	16	0	0	26.3	751.1	
24.12.2021 18:11:50	402	7.6	0.019	0.506	11.166	0.000	81	16	0	0	26.4	750.8	
24.12.2021 18:11:52	404	7.4	0.015	0.582	11.166	0.000	79	16	0	0	26.2	750.7	
24.12.2021 18:11:53	405	7.4	0.015	0.582	11.166	0.000	79	16	0	0	26.2	750.7	
24.12.2021 18:11:55	407	7.2	0.017	0.582	11.975	0.000	78	16	0	0	26.3	750.4	
24.12.2021 18:11:57	409	7.1	0.023	0.636	11.975	0.000	78	16	0	0	26.4	750.6	
24.12.2021 18:11:58	410	7.0	0.042	0.636	12.505	0.000	77	16	0	0	26.3	750.5	
24.12.2021 18:12:00	412	7.0	0.042	0.636	12.505	0.000	77	16	0	0	26.3	750.5	
24.12.2021 18:12:02	414	6.9	0.059	0.679	12.824	0.000	77	16	0	0	26.3	750.3	
24.12.2021 18:12:04	416	6.9	0.059	0.679	12.824	0.000	77	15	0	0	26.3	750.3	
24.12.2021 18:12:06	418	6.8	0.054	0.700	13.034	0.000	77	15	0	0	26.3	750.8	
24.12.2021 18:12:07	419	6.8	0.054	0.700	13.034	0.000	77	16	0	0	26.3	750.8	
24.12.2021 18:12:09	421	6.7	0.051	0.722	13.174	0.000	78	16	0	0	26.3	750.5	
24.12.2021 18:12:10	422	6.7	0.051	0.722	13.174	0.000	78	16	0	0	26.3	750.5	
24.12.2021 18:12:11	423	6.7	0.059	0.722	13.174	0.000	79	15	0	0	26.1	750.8	
24.12.2021 18:12:12	424	6.7	0.059	0.733	13.254	0.000	79	15	0	0	26.1	750.6	
24.12.2021 18:12:14	426	6.7	0.059	0.733	13.254	0.000	79	15	0	0	26.1	750.6	
24.12.2021 18:12:15	427	6.7	0.059	0.733	13.254	0.000	79	15	0	0	26.1	750.6	
24.12.2021 18:12:16	428	6.6	0.059	0.754	13.324	0.000	79	15	0	0	26.2	750.6	
24.12.2021 18:12:17	429	6.6	0.059	0.754	13.324	0.000	79	15	0	0	26.2	750.6	
24.12.2021 18:12:19	431	6.6	0.059	0.754	13.324	0.000	79	15	0	0	26.3	750.9	
24.12.2021 18:12:20	432	6.6	0.058	0.765	13.324	0.000	79	15	0	0	26.2	750.6	
24.12.2021 18:12:22	434	6.6	0.058	0.765	13.324	0.000	79	15	0	0	26.2	750.6	
24.12.2021 18:12:23	435	6.6	0.058	0.765	13.324	0.000	79	15	0	0	26.2	750.6	
24.12.2021 18:12:25	437	6.6	0.057	0.776	13.404	0.000	79	15	0	0	26.4	751.0	
24.12.2021 18:12:26	438	6.6	0.057	0.776	13.404	0.000	79	15	0	0	26.4	751.0	
24.12.2021 18:12:28	440	6.6	0.057	0.776	13.404	0.000	79	15	0	0	26.3	750.4	
24.12.2021 18:12:30	442	6.6	0.057	0.776	13.404	0.000	79	15	0	0	26.1	750.2	
24.12.2021 18:12:31	443	6.6	0.057	0.776	13.404	0.000	79	15	0	0	26.1	750.2	
24.12.2021 18:12:32	444	6.6	0.057	0.776	13.424	0.000	79	15	0	0	26.3	750.6	
24.12.2021 18:12:34	446	6.6	0.057	0.776	13.424	0.000	79	15	0	0	26.3	750.6	
24.12.2021 18:12:35	447	6.6	0.058	0.765	13.424	0.000	80	15	0	0	26.3	750.3	
24.12.2021 18:12:36	448	6.6	0.058	0.765	13.424	0.000	80	15	0	0	26.3	750.8	
24.12.2021 18:12:37	449	6.6	0.058	0.765	13.424	0.000	80	15	0	0	26.2	751.1	
24.12.2021 18:12:38	450	6.6	0.058	0.765	13.424	0.000	82	15	0	0	26.3	750.9	
24.12.2021 18:12:39	451	6.6	0.058	0.765	13.424	0.000	82	15	0	0	26.3	750.9	
24.12.2021 18:12:40	452	6.6	0.058	0.765	13.424	0.000	82	15	0	0	26.3	750.9	
24.12.2021 18:12:42	454	6.7	0.058	0.765	13.424	0.000	83	15	0	0	26.3	750.7	
24.12.2021 18:12:44	456	6.7	0.059	0.754	13.424	0.000	83	15	0	0	26.4	750.8	
24.12.2021 18:12:45	457	6.7	0.059	0.754	13.424	0.000	83	15	0	0	26.4	750.8	
24.12.2021 18:12:47	459	7.1	0.059	0.754	13.424	0.000	86	15	0	0	26.4	750.6	
24.12.2021 18:12:48	460	7.1	0.059	0.754	13.424	0.000	86	15	0	0	26.4	750.6	
24.12.2021 18:12:50	462	7.7	0.059	0.743	13.334	0.000	86	15	0	0	26.3	750.8	
24.12.2021 18:12:51	463	8.1	0.059	0.743	13.334	0.000	86	15	0	0	26.1	750.6	
24.12.2021 18:12:53	465	9.4	0.062	0.711	12.974	0.000	86	15	0	0	26.2	750.6	
24.12.2021 18:12:54	466	10.1	0.062	0.711	12.974	0.000	83	15	0	0	26.1	750.7	
24.12.2021 18:12:56	468	11.4	0.061	0.636	12.035	0.000	83	15	0	0	26.3	750.6	
24.12.2021 18:12:58	470	12.3	0.059	0.636	12.035	0.000	83	15	0	0	26.2	750.7	
24.12.2021 18:12:59	471	12.9	0.057	0.636	12.035	0.000	83	15	0	0	26.2	750.6	
24.12.2021 18:13:00	472	12.9	0.057	0.636	12.035	0.000	83	15	0	0	26.2	750.6	
24.12.2021 18:13:01	473	12.9	0.057	0.636	12.035	0.000	83	15	0	0	26.2	750.6	
24.12.2021 18:13:03	475	12.9	0.057	0.636	12.035	0.000	83	15	0	0	26.2	750.6	
24.12.2021 18:13:04	476	16.2	0.031	0.399	8.779	0.000	82	15	0	0	26.3	750.9	
24.12.2021 18:13:05	477	16.7	0.030	0.399	8.779	0.000	82	14	0	0	26.2	750.6	
24.12.2021 18:13:07	479	17.1	0.029	0.399	8.779	0.000	81	14	0	0	26.2	750.6	
24.12.2021 18:13:08	480	17.1	0.029	0.399	8.779	0.000	81	14	0	0	26.2	750.6	
24.12.2021 18:13:09	481	18.0	0.037	0.280	6.572	0.000	81	13	0	0	26.2	750.4	
24.12.2021 18:13:10	482	18.3	0.037	0.280	6.572	0.000	80	13	0	0	26.1	750.4	
24.12.2021 18:13:11	483	18.6	0.045	0.183	6.572	0.000	80	13	0	0	26.2	750.4	
24.12.2021 18:13:12	484	18.8	0.045	0.183	4.614	0.000	80	12	0	0	26.2	750.8	
24.12.2021 18:13:14	486	19.2	0.050	0.183	4.614	0.000	78	12	0	0	26.4	750.8	
24.12.2021 18:13:16	488	19.3	0.046	0.119	4.614	0.000	78	11	0	0	26.4	751.3	
24.12.2021 18:13:17	489	19.5	0.048	0.119	3.116	0.000	78	11	0	0	26.3	750.9	
24.12.2021 18:13:18	490	19.6	0.043	0.119	3.116	0.000	78	11	0	0	26.3	751.0	
24.12.2021 18:13:19	491	19.6	0.043	0.119	3.116	0.000	78	11	0	0	26.3	751.0	
24.12.2021 18:13:21	493	19.9	0.043	0.075	2.087	0.000	77	11	0	0	26.2	750.3	
24.12.2021 18:13:23	495	20.0	0.032	0.075	2.087	0.000	76	11	0	0	26.3	750.3	
24.12.2021 18:13:24	496	20.0	0.023	0.065	2.087	0.000	76	11	0	0	26.2	750.1	
24.12.2021 18:13:25	497	20.0	0.023	0.065	2.087	0.000	76	11	0	0	26.2	750.1	
24.12.2021 18:13:26	498	20.1	0.001	0.065	1.418	0.000	76	11	0	0	26.3	750.6	
24.12.2021 18:13:27	499	20.2	0.000	0.043	1.418	0.000	76	11	0	0	26.3	750.7	
24.12.2021 18:13:29	501	20.2	0.000	0.043	0.999	0.000	76	11	0	0	26.4	750.3	
24.12.2021 18:13:30	502	20.2	0.000	0.043	0.999	0.000	76	11	0	0	26.4	750.3	
24.12.2021 18:13:32	504	20.1	0.000	0.043	0.999	0.000	76	10	0	0	26.2	750.4	
24.12.2021 18:13:33	505	20.0	0.000	0.043	0.749	0.000	76	10	0	0	26.4	750.7	
24.12.2021 18:13:34	506	19.9	0.000	0.043	0.749	0.000	76	10	0	0	26.3	750.6	
24.12.2021 18:13:36	508	19.9	0.000	0.043	0.749	0.000	76	10	0	0	26.3	750.6	
24.12.2021 18:13:38	510	19.9	0.000	0.043	0.749	0.000	76	10	0	0	26.3	750.6	
24.12.2021 18:13:40	512	17.7	0.000	0.043	0.719	0.000	79	10	0	0	26.3	750.8	
24.12.2021 18:13:42	514	17.7	0.000	0.043	0.719	0.000	79	10	0	0	26.3	750.8	
24.12.2021 18:13:43	515	17.7	0.000	0.043	0.719	0.000	79	10	0	0	26.3	750.8	
24.12.2021 18:13:44	516	15.1	0.034	0.075	1.029	0.000	81	10	0	0	26.3	751.1	
24.12.2021 18:13:46	518	13.7	0.047	0.075	1.858	0.000	83	12	0	0	26.5	750.8	
24.12.2021 18:13:48	520	12.2	0.062	0.194	3.426	0.000	83	11	0	0	26.3	750.3	
24.12.2021 18:13:50	522	12.2	0.062	0.194	3.426	0.000	83	11	0	0	26.3	750.3	
24.12.2021 18:13:52	524	9.9	0.097	0.399	3.426	0.000	85	12	0	0	26.4	751.1	
24.12.2021 18:13:53	525	9.3	0.118	0.399	5.693	0.000	85	12	0	0	26.4	751.0	
24.12.2021 18:13:55	527	8.2	0.111	0.733	5.693	0.000	86	12	0	0	26.2	750.9	
24.12.2021 18:13:56	528	7.8	0.141	0.733	8.100	0.000	86	12	0	0	26.2	750.7	
24.12.2021 18:13:57	529	7.3	0.160	0.733	8.100	0.000	86	12	0	0	26.2	750.8	
24.12.2021 18:13:59	531	6.9	0.169	0.733	8.100	0.000	88	12	0	0	26.2	750.9	
24.12.2021 18:14:00	532	6.9	0.169	0.733	8.100	0.000	88	12	0	0	26.2	750.9	
24.12.2021 18:14:02	534	5.8	0.194	1.142	10.208	0.000	92	12	0	0	26.2	750.6	
24.12.2021 18:14:04	536	5.3	0.199	1.530	11.866	0.000	92	12	0	0	26.1	750.7	
24.12.2021 18:14:05	537	5.1	0.217	1.530	11.866	0.000	92	12	0	0	26.2	750.9	
24.12.2021 18:14:07	539	4.9	0.225	1.530	11.866	0.000	94	12	0	0	26.3	750.9	
24.12.2021 18:14:09	541	4.9	0.225	1.530	11.866	0.000	94	12	0	0	26.3	750.9	
24.12.2021 18:14:11	543	4.5	0.254	1.853	13.084	0.000	99	12	0	0	26.3	750.6	
24.12.2021 18:14:12	544	4.5	0.254	1.853	13.084	0.000	99	13	0	0	26.3	750.6	
24.12.2021 18:14:14	546	4.3	0.265	2.058	13.893	0.000	102	13	0	0	26.3	751.0	
24.12.2021 18:14:16	548	4.2	0.257	2.219	14.403	0.000	102	13	0	0	26.3	750.9	
24.12.2021 18:14:18	550	4.2	0.257	2.219	14.403	0.000	102	13	0	0	26.3	750.9	
24.12.2021 18:14:19	551	4.2	0.257	2.219	14.403	0.000	102	13	0	0	26.3	750.9	
24.12.2021 18:14:20	552	4.1	0.288	2.295	14.702	0.000	103	13	0	0	26.2	750.9	
24.12.2021 18:14:21	553	4.1	0.288	2.295	14.702	0.000	103	13	0	0	26.2	750.9	
24.12.2021 18:14:22	554	4.1	0.288	2.295	14.702	0.000	103	13	0	0	26.2	750.9	
24.12.2021 18:14:24	556	4.0	0.290	2.316	14.882	0.000	104	13	0	0	26.4	750.7	
24.12.2021 18:14:25	557	4.0	0.291	2.316	14.882	0.000	104	13	0	0	26.4	750.6	
24.12.2021 18:14:26	558	4.0	0.291	2.316	14.882	0.000	102	13	0	0	26.5	750.8	
24.12.2021 18:14:28	560	4.0	0.291	2.316	14.882	0.000	102	12	0	0	26.6	750.8	
24.12.2021 18:14:29	561	4.0	0.291	2.316	14.882	0.000	102	12	0	0	26.6	750.8	
24.12.2021 18:14:31	563	3.9	0.333	2.316	14.992	0.000	102	12	0	0	26.2	750.5	
24.12.2021 18:14:32	564	3.9	0.340	2.316	15.062	0.000	102	14	0	0	26.2	750.3	
24.12.2021 18:14:33	565	3.9	0.345	2.316	15.062	0.000	102	14	0	0	26.2	750.8	
24.12.2021 18:14:35	567	3.9	0.345	2.316	15.062	0.000	102	14	0	0	26.2	750.8	
24.12.2021 18:14:36	568	3.8	0.348	2.338	15.122	0.000	101	13	0	0	26.2	750.8	
24.12.2021 18:14:38	570	3.8	0.348	2.338	15.122	0.000	101	13	0	0	26.2	750.8	
24.12.2021 18:14:40	572	3.8	0.348	2.338	15.122	0.000	101	13	0	0	26.2	750.8	
24.12.2021 18:14:42	574	3.8	0.346	2.381	15.162	0.000	101	13	0	0	26.2	750.9	
24.12.2021 18:14:44	576	3.8	0.346	2.381	15.162	0.000	102	13	0	0	26.3	751.3	
24.12.2021 18:14:45	577	3.8	0.348	2.413	15.172	0.000	102	14	0	0	26.5	750.9	
24.12.2021 18:14:47	579	3.8	0.349	2.435	15.172	0.000	105	14	0	0	26.6	750.7	
24.12.2021 18:14:49	581	3.8	0.349	2.435	15.172	0.000	105	14	0	0	26.6	750.7	
24.12.2021 18:14:51	583	3.9	0.354	2.435	15.192	0.000	104	14	0	0	26.6	750.9	
24.12.2021 18:14:53	585	3.9	0.355	2.435	15.212	0.000	104	13	0	0	26.6	751.2	
24.12.2021 18:14:54	586	3.9	0.354	2.435	15.212	0.000	105	13	0	0	26.6	751.0	
24.12.2021 18:14:56	588	3.9	0.354	2.435	15.212	0.000	105	13	0	0	26.6	751.0	
24.12.2021 18:14:58	590	3.9	0.348	2.413	15.202	0.000	105	13	0	2	26.4	750.9	
24.12.2021 18:14:59	591	3.9	0.348	2.413	15.202	0.000	105	13	0	2	26.4	750.9	
24.12.2021 18:15:00	592	4.0	0.347	2.381	15.202	0.000	104	13	0	2	26.3	750.8	
24.12.2021 18:15:01	593	4.0	0.347	2.381	15.202	0.000	104	13	0	3	26.3	750.8	
24.12.2021 18:15:02	594	4.0	0.347	2.381	15.202	0.000	104	13	0	3	26.3	750.8	
24.12.2021 18:15:04	596	4.3	0.350	2.338	15.182	0.000	102	13	0	3	26.5	750.6	
24.12.2021 18:15:06	598	4.4	0.350	2.338	15.182	0.000	102	13	0	2	26.2	750.5	
24.12.2021 18:15:08	600	4.4	0.350	2.338	15.182	0.000	102	13	0	2	26.2	750.5	
24.12.2021 18:15:10	602	4.4	0.350	2.338	15.182	0.000	102	13	0	2	26.2	750.5	
24.12.2021 18:15:12	604	7.9	0.299	2.101	14.363	0.000	100	14	0	3	26.5	750.9	
24.12.2021 18:15:13	605	8.9	0.279	2.101	14.363	0.000	100	14	0	3	26.5	751.0	
24.12.2021 18:15:15	607	10.5	0.283	1.810	14.363	0.000	97	13	0	5	26.5	751.1	
24.12.2021 18:15:17	609	12.3	0.240	1.810	12.954	0.000	97	13	0	5	26.5	750.6	
24.12.2021 18:15:19	611	13.9	0.237	1.422	12.954	0.000	95	13	0	5	26.5	750.3	
24.12.2021 18:15:20	612	14.5	0.222	1.422	10.827	0.000	95	13	0	5	26.5	750.6	
24.12.2021 18:15:21	613	15.1	0.206	1.422	10.827	0.000	95	13	0	7	26.5	750.7	
24.12.2021 18:15:23	615	15.1	0.206	1.422	10.827	0.000	95	13	0	7	26.5	750.7	
24.12.2021 18:15:24	616	16.6	0.195	1.013	8.300	0.000	93	13	0	7	26.3	750.4	
24.12.2021 18:15:26	618	16.6	0.195	1.013	8.300	0.000	93	13	0	7	26.3	750.4	
24.12.2021 18:15:28	620	18.1	0.183	0.668	5.913	0.000	90	13	0	7	26.5	750.8	
24.12.2021 18:15:29	621	18.4	0.178	0.668	5.913	0.000	90	13	0	7	26.5	750.6	
24.12.2021 18:15:30	622	18.4	0.178	0.668	5.913	0.000	90	11	0	7	26.5	750.6	
24.12.2021 18:15:32	624	18.4	0.178	0.668	5.913	0.000	90	11	0	7	26.5	750.6	
24.12.2021 18:15:33	625	18.4	0.178	0.668	5.913	0.000	90	11	0	7	26.5	750.6	
24.12.2021 18:15:34	626	18.4	0.178	0.668	5.913	0.000	90	11	0	7	26.5	750.6	
24.12.2021 18:15:35	627	18.4	0.178	0.668	5.913	0.000	90	11	0	7	26.5	750.6	
24.12.2021 18:15:36	628	19.6	0.132	0.259	2.687	0.000	86	11	0	7	26.6	750.6	
24.12.2021 18:15:38	630	19.6	0.132	0.259	2.687	0.000	86	11	0	7	26.6	750.6	
24.12.2021 18:15:40	632	19.6	0.132	0.259	2.687	0.000	86	10	0	7	26.6	750.6	
24.12.2021 18:15:41	633	19.9	0.110	0.172	1.808	0.000	84	10	0	7	26.5	750.7	
24.12.2021 18:15:43	635	20.0	0.108	0.108	1.808	0.000	82	10	0	7	26.3	750.9	
24.12.2021 18:15:45	637	20.1	0.091	0.108	1.258	0.000	82	9	0	7	26.6	751.2	
24.12.2021 18:15:47	639	20.1	0.091	0.108	1.258	0.000	82	9	0	7	26.6	751.2	
24.12.2021 18:15:48	640	20.1	0.091	0.108	1.258	0.000	82	9	0	7	26.6	751.2	
24.12.2021 18:15:49	641	20.1	0.091	0.108	1.258	0.000	82	9	0	7	26.6	751.2	
24.12.2021 18:15:51	643	20.0	0.058	0.075	0.929	0.000	83	9	0	7	26.3	750.9	
24.12.2021 18:15:52	644	20.0	0.058	0.075	0.929	0.000	83	9	0	7	26.3	750.9	
24.12.2021 18:15:53	645	19.3	0.055	0.075	0.789	0.000	83	9	0	7	26.6	750.8	
24.12.2021 18:15:55	647	18.2	0.037	0.075	0.789	0.000	84	9	0	7	26.3	750.7	
24.12.2021 18:15:56	648	18.2	0.037	0.075	0.789	0.000	84	9	0	7	26.3	750.7	
24.12.2021 18:15:57	649	18.2	0.037	0.075	0.789	0.000	84	9	0	7	26.3	750.7	
24.12.2021 18:15:58	650	16.5	0.080	0.075	1.009	0.000	85	9	0	7	26.4	750.7	
24.12.2021 18:15:59	651	15.8	0.090	0.119	1.009	0.000	85	9	0	7	26.4	750.8	
24.12.2021 18:16:00	652	15.1	0.099	0.119	1.728	0.000	85	9	0	7	26.4	750.8	
24.12.2021 18:16:02	654	15.1	0.099	0.119	1.728	0.000	85	10	0	7	26.4	750.8	
24.12.2021 18:16:03	655	13.0	0.159	0.302	1.728	0.000	86	10	0	7	26.2	750.7	
24.12.2021 18:16:05	657	11.3	0.224	0.302	3.186	0.000	86	9	0	4	26.3	750.5	
24.12.2021 18:16:06	658	11.3	0.224	0.302	3.186	0.000	86	9	0	4	26.3	750.5	
24.12.2021 18:16:08	660	11.3	0.224	0.302	3.186	0.000	86	9	0	4	26.3	750.5	
24.12.2021 18:16:10	662	8.6	0.333	0.690	5.473	0.000	91	9	0	3	26.3	750.7	
24.12.2021 18:16:11	663	8.6	0.333	0.690	5.473	0.000	91	9	0	3	26.3	750.7	
24.12.2021 18:16:12	664	7.0	0.392	1.358	8.030	0.000	105	9	0	3	26.3	750.8	
24.12.2021 18:16:13	665	6.5	0.433	1.358	8.030	0.000	105	9	0	3	26.2	750.7	
24.12.2021 18:16:14	666	6.0	0.471	1.358	8.030	0.000	125	11	0	3	26.3	750.4	
24.12.2021 18:16:15	667	6.0	0.471	1.358	8.030	0.000	125	11	0	3	26.3	750.4	
24.12.2021 18:16:17	669	4.7	0.541	2.198	10.298	0.000	150	12	0	3	26.2	751.0	
24.12.2021 18:16:18	670	4.3	0.509	3.038	10.298	0.000	150	12	0	3	26.3	750.8	
24.12.2021 18:16:19	671	4.3	0.509	3.038	10.298	0.000	150	12	0	3	26.3	750.8	
24.12.2021 18:16:21	673	3.8	0.584	3.038	12.095	0.000	150	12	0	3	26.3	751.0	
24.12.2021 18:16:23	675	3.6	0.612	3.038	12.095	0.000	173	12	0	8	26.3	750.8	
24.12.2021 18:16:24	676	3.6	0.612	3.038	12.095	0.000	173	12	0	8	26.3	750.8	
24.12.2021 18:16:26	678	3.2	0.627	3.717	13.384	0.000	173	14	0	12	26.2	750.4	
24.12.2021 18:16:27	679	2.9	0.639	4.180	14.243	0.000	191	14	0	12	26.5	750.8	
24.12.2021 18:16:29	681	2.9	0.659	4.180	14.243	0.000	191	14	0	12	26.5	750.3	
24.12.2021 18:16:31	683	2.8	0.675	4.180	14.243	0.000	203	14	0	12	26.4	750.6	
24.12.2021 18:16:32	684	2.8	0.675	4.180	14.243	0.000	203	14	0	12	26.4	750.6	
24.12.2021 18:16:33	685	2.8	0.675	4.180	14.243	0.000	203	14	0	12	26.4	750.6	
24.12.2021 18:16:35	687	2.5	0.737	4.600	14.812	0.000	207	15	0	12	26.6	750.6	
24.12.2021 18:16:36	688	2.5	0.749	4.600	15.162	0.000	207	15	0	12	26.5	750.7	
24.12.2021 18:16:37	689	2.4	0.756	4.600	15.162	0.000	209	15	0	12	26.5	750.7	
24.12.2021 18:16:39	691	2.4	0.772	4.687	15.162	0.000	209	15	0	11	26.4	750.8	
24.12.2021 18:16:40	692	2.3	0.791	4.687	15.361	0.000	209	15	0	11	26.5	750.7	
24.12.2021 18:16:42	694	2.3	0.818	4.687	15.361	0.000	210	17	0	6	26.5	750.6	
24.12.2021 18:16:43	695	2.3	0.830	4.762	15.361	0.000	210	17	0	6	26.5	750.5	
24.12.2021 18:16:44	696	2.3	0.830	4.762	15.361	0.000	210	17	0	6	26.5	750.5	
24.12.2021 18:16:46	698	2.3	0.830	4.762	15.361	0.000	210	17	0	6	26.5	750.5	
24.12.2021 18:16:48	700	2.3	0.830	4.762	15.361	0.000	210	16	0	0	26.5	750.5	
24.12.2021 18:16:49	701	2.1	0.890	4.848	15.541	0.000	211	16	0	0	26.5	750.7	
24.12.2021 18:16:51	703	2.1	0.890	4.848	15.541	0.000	211	16	0	0	26.5	750.7	
24.12.2021 18:16:53	705	2.1	0.908	4.934	15.581	0.000	216	17	0	0	26.4	750.9	
24.12.2021 18:16:55	707	2.1	0.908	4.934	15.581	0.000	216	17	0	0	26.4	750.9	
24.12.2021 18:16:57	709	2.1	0.931	5.021	15.611	0.000	224	17	0	0	26.3	751.1	
24.12.2021 18:16:58	710	2.1	0.931	5.021	15.611	0.000	224	17	0	0	26.3	751.1	
24.12.2021 18:17:00	712	2.0	0.960	5.085	15.621	0.000	230	17	0	0	26.3	750.6	
24.12.2021 18:17:02	714	2.0	0.975	5.085	15.621	0.000	237	17	0	0	26.5	750.6	
24.12.2021 18:17:04	716	2.0	0.993	5.150	15.631	0.000	237	18	0	0	26.5	750.8	
24.12.2021 18:17:05	717	2.0	1.004	5.150	15.631	0.000	243	18	0	0	26.3	750.8	
24.12.2021 18:17:07	719	2.0	1.012	5.193	15.641	0.000	243	18	0	0	26.5	750.8	
24.12.2021 18:17:08	720	2.0	1.012	5.193	15.641	0.000	243	18	0	0	26.5	750.8	
24.12.2021 18:17:09	721	2.0	1.012	5.193	15.641	0.000	243	18	0	0	26.5	750.8	
24.12.2021 18:17:11	723	2.0	1.020	5.236	15.641	0.000	248	18	0	0	26.4	750.8	
24.12.2021 18:17:12	724	2.0	1.020	5.236	15.641	0.000	248	19	0	0	26.4	750.8	
24.12.2021 18:17:13	725	2.0	1.020	5.236	15.641	0.000	248	19	0	0	26.4	750.8	
24.12.2021 18:17:15	727	1.9	1.046	5.236	15.641	0.000	255	19	0	0	26.3	750.8	
24.12.2021 18:17:16	728	1.9	1.061	5.279	15.641	0.000	255	18	0	0	26.4	750.6	
24.12.2021 18:17:18	730	1.9	1.061	5.279	15.641	0.000	255	18	0	0	26.4	750.6	
24.12.2021 18:17:19	731	2.0	1.064	5.322	15.641	0.000	259	18	0	0	26.4	750.8	
24.12.2021 18:17:21	733	2.1	1.058	5.322	15.661	0.000	259	19	0	0	26.3	750.8	
24.12.2021 18:17:23	735	2.7	1.025	5.290	15.661	0.000	262	19	0	0	26.4	751.1	
24.12.2021 18:17:25	737	2.7	1.025	5.290	15.661	0.000	262	20	0	0	26.4	751.1	
24.12.2021 18:17:27	739	5.2	0.944	5.021	15.571	0.000	259	20	0	0	26.2	751.0	
24.12.2021 18:17:29	741	7.4	0.852	5.021	15.062	0.000	246	19	0	0	26.2	750.7	
24.12.2021 18:17:31	743	8.6	0.852	4.428	15.062	0.000	246	19	0	0	26.3	750.6	
24.12.2021 18:17:32	744	8.6	0.852	4.428	15.062	0.000	246	19	0	0	26.3	750.6	
24.12.2021 18:17:33	745	10.9	0.738	4.428	14.103	0.000	246	20	0	0	26.1	750.6	
24.12.2021 18:17:35	747	10.9	0.738	4.428	14.103	0.000	246	20	0	0	26.1	750.6	
24.12.2021 18:17:37	749	13.1	0.693	3.555	12.135	0.000	226	20	0	0	26.3	750.8	
24.12.2021 18:17:39	751	14.8	0.668	2.769	12.135	0.000	198	18	0	0	26.2	751.1	
24.12.2021 18:17:40	752	15.6	0.612	2.769	9.568	0.000	198	18	0	0	26.3	750.6	
24.12.2021 18:17:41	753	16.1	0.568	2.769	9.568	0.000	198	18	0	0	26.3	750.8	
24.12.2021 18:17:42	754	16.6	0.532	2.769	9.568	0.000	170	17	0	0	26.3	750.8	
24.12.2021 18:17:44	756	17.7	0.512	1.864	6.952	0.000	170	17	0	0	26.2	750.7	
24.12.2021 18:17:45	757	17.7	0.512	1.864	6.952	0.000	170	17	0	0	26.2	750.7	
24.12.2021 18:17:47	759	18.4	0.485	1.185	6.952	0.000	146	15	0	0	26.3	751.2	
24.12.2021 18:17:48	760	18.7	0.451	1.185	4.784	0.000	146	15	0	0	26.3	750.6	
24.12.2021 18:17:50	762	19.0	0.445	0.733	4.784	0.000	127	14	0	0	26.2	750.9	
24.12.2021 18:17:52	764	19.0	0.445	0.733	4.784	0.000	127	14	0	0	26.2	750.9	
24.12.2021 18:17:54	766	19.5	0.350	0.733	3.196	0.000	112	12	0	0	26.2	751.1	
24.12.2021 18:17:56	768	19.5	0.350	0.733	3.196	0.000	112	12	0	0	26.2	751.1	
24.12.2021 18:17:57	769	19.5	0.350	0.733	3.196	0.000	112	12	0	0	26.2	751.1	
24.12.2021 18:17:58	770	19.8	0.293	0.453	2.157	0.000	103	11	0	0	26.2	750.8	
24.12.2021 18:18:00	772	19.9	0.294	0.291	2.157	0.000	103	11	0	0	26.3	751.1	
24.12.2021 18:18:02	774	20.0	0.248	0.291	1.488	0.000	97	11	0	0	26.4	751.0	
24.12.2021 18:18:04	776	20.1	0.235	0.194	1.079	0.000	97	11	0	0	26.2	750.6	
24.12.2021 18:18:06	778	20.0	0.205	0.194	1.079	0.000	93	10	0	0	26.3	750.8	
24.12.2021 18:18:07	779	19.9	0.193	0.140	0.849	0.000	93	10	0	0	26.3	750.6	
24.12.2021 18:18:08	780	19.7	0.181	0.140	0.849	0.000	93	10	0	0	26.3	750.7	
24.12.2021 18:18:10	782	19.7	0.181	0.140	0.849	0.000	93	10	0	0	26.3	750.7	
24.12.2021 18:18:11	783	19.7	0.181	0.140	0.849	0.000	93	10	0	0	26.3	750.7	
24.12.2021 18:18:13	785	17.3	0.197	0.119	0.879	0.000	92	10	0	0	26.3	750.5	
24.12.2021 18:18:14	786	16.7	0.206	0.172	0.879	0.000	92	9	0	0	26.2	750.5	
24.12.2021 18:18:16	788	16.0	0.229	0.172	1.328	0.000	92	9	0	0	26.2	750.7	
24.12.2021 18:18:18	790	14.3	0.310	0.172	1.328	0.000	97	9	0	0	26.3	750.5	
24.12.2021 18:18:19	791	13.5	0.334	0.377	1.328	0.000	97	9	0	0	26.3	750.8	
24.12.2021 18:18:20	792	12.6	0.398	0.377	2.377	0.000	97	9	0	0	26.1	750.5	
24.12.2021 18:18:21	793	11.8	0.452	0.377	2.377	0.000	97	9	0	0	26.2	750.9	
24.12.2021 18:18:23	795	11.8	0.452	0.377	2.377	0.000	97	9	0	0	26.2	750.9	
24.12.2021 18:18:25	797	9.0	0.649	0.862	4.215	0.000	114	9	0	0	26.2	750.7	
24.12.2021 18:18:26	798	9.0	0.649	0.862	4.215	0.000	114	10	0	0	26.2	750.7	
24.12.2021 18:18:28	800	6.7	0.829	1.767	6.642	0.000	156	10	0	0	26.2	750.8	
24.12.2021 18:18:29	801	6.7	0.829	1.767	6.642	0.000	156	10	0	0	26.2	750.8	
24.12.2021 18:18:30	802	6.7	0.829	1.767	6.642	0.000	156	12	0	0	26.2	750.8	
24.12.2021 18:18:32	804	4.9	0.981	3.017	9.009	0.000	220	12	0	0	26.5	751.1	
24.12.2021 18:18:34	806	4.9	0.981	3.017	9.009	0.000	220	15	0	0	26.5	751.1	
24.12.2021 18:18:36	808	4.1	1.038	4.320	9.009	0.000	301	15	0	0	26.3	750.5	
24.12.2021 18:18:38	810	4.1	1.038	4.320	9.009	0.000	301	15	0	0	26.3	750.5	
24.12.2021 18:18:39	811	3.1	1.191	5.441	10.967	0.000	387	18	0	0	26.4	751.0	
24.12.2021 18:18:41	813	2.9	1.243	5.441	12.465	0.000	387	18	0	0	26.4	751.0	
24.12.2021 18:18:43	815	2.5	1.289	6.281	12.465	0.000	459	22	0	0	26.2	750.9	
24.12.2021 18:18:45	817	2.4	1.329	6.281	13.494	0.000	459	22	0	0	26.3	750.9	
24.12.2021 18:18:47	819	2.4	1.329	6.281	13.494	0.000	459	25	0	0	26.3	750.9	
24.12.2021 18:18:48	820	2.0	1.427	6.841	14.183	0.000	511	25	0	0	26.5	750.9	
24.12.2021 18:18:50	822	1.9	1.474	7.208	14.183	0.000	544	25	0	0	26.3	750.9	
24.12.2021 18:18:52	824	1.8	1.504	7.208	14.622	0.000	544	29	0	0	26.4	751.3	
24.12.2021 18:18:53	825	1.8	1.537	7.208	14.622	0.000	544	29	0	0	26.4	751.1	
24.12.2021 18:18:55	827	1.7	1.581	7.423	14.622	0.000	565	30	0	0	26.5	751.2	
24.12.2021 18:18:56	828	1.7	1.581	7.423	14.622	0.000	565	30	0	0	26.5	751.2	
24.12.2021 18:18:57	829	1.6	1.639	7.423	14.912	0.000	577	30	0	0	26.5	751.2	
24.12.2021 18:18:58	830	1.6	1.642	7.563	14.912	0.000	577	32	0	0	26.6	750.9	
24.12.2021 18:19:00	832	1.6	1.667	7.563	15.072	0.000	577	32	0	0	26.4	751.0	
24.12.2021 18:19:01	833	1.6	1.684	7.563	15.072	0.000	577	32	0	0	26.4	751.0	
24.12.2021 18:19:03	835	1.6	1.701	7.563	15.072	0.000	588	33	0	0	26.5	751.0	
24.12.2021 18:19:04	836	1.5	1.732	7.671	15.172	0.000	588	33	0	0	26.4	750.9	
24.12.2021 18:19:05	837	1.5	1.750	7.671	15.172	0.000	598	33	0	0	26.4	750.9	
24.12.2021 18:19:07	839	1.5	1.757	7.736	15.172	0.000	598	36	0	0	26.6	751.4	
24.12.2021 18:19:08	840	1.5	1.757	7.736	15.172	0.000	598	36	0	0	26.6	751.4	
24.12.2021 18:19:10	842	1.5	1.757	7.736	15.172	0.000	598	36	0	0	26.6	751.4	
24.12.2021 18:19:12	844	1.5	1.815	7.779	15.252	0.000	604	37	0	0	26.4	750.8	
24.12.2021 18:19:14	846	1.5	1.820	7.779	15.252	0.000	604	37	0	0	26.6	750.8	
24.12.2021 18:19:16	848	1.5	1.836	7.811	15.281	0.000	609	38	0	0	26.4	751.0	
24.12.2021 18:19:18	850	1.5	1.853	7.811	15.281	0.000	609	38	0	0	26.4	751.1	
24.12.2021 18:19:19	851	1.5	1.875	7.833	15.281	0.000	612	39	0	0	26.2	750.8	
24.12.2021 18:19:20	852	1.5	1.875	7.833	15.281	0.000	612	39	0	0	26.2	750.8	
24.12.2021 18:19:22	854	1.5	1.881	7.833	15.281	0.000	616	39	0	0	26.3	750.8	
24.12.2021 18:19:23	855	1.5	1.880	7.843	15.281	0.000	616	40	0	0	26.3	751.3	
24.12.2021 18:19:24	856	1.5	1.880	7.843	15.281	0.000	616	40	0	0	26.3	751.3	
24.12.2021 18:19:26	858	1.4	1.912	7.843	15.281	0.000	620	40	0	0	26.4	750.8	
24.12.2021 18:19:28	860	1.4	1.930	7.865	15.281	0.000	620	41	0	0	26.2	750.7	
24.12.2021 18:19:29	861	1.4	1.935	7.865	15.281	0.000	620	41	0	0	26.4	750.8	
24.12.2021 18:19:31	863	1.4	1.937	7.886	15.291	0.000	623	42	0	0	26.2	750.8	
24.12.2021 18:19:32	864	1.4	1.937	7.886	15.291	0.000	623	42	0	0	26.2	750.8	
24.12.2021 18:19:33	865	1.4	1.937	7.886	15.291	0.000	623	42	0	0	26.2	750.8	
24.12.2021 18:19:35	867	1.5	1.937	7.897	15.311	0.000	624	43	0	0	26.1	750.3	
24.12.2021 18:19:37	869	1.5	1.930	7.897	15.311	0.000	624	43	0	0	26.2	750.8	
24.12.2021 18:19:38	870	1.5	1.914	7.897	15.311	0.000	624	43	0	0	26.2	751.0	
24.12.2021 18:19:39	871	1.7	1.901	7.876	15.311	0.000	624	44	0	0	26.2	750.8	
24.12.2021 18:19:40	872	1.9	1.884	7.876	15.311	0.000	624	44	0	0	26.2	751.1	
24.12.2021 18:19:42	874	3.0	1.808	7.693	15.311	0.000	619	44	0	0	26.4	750.8	
24.12.2021 18:19:43	875	3.0	1.808	7.693	15.311	0.000	619	44	0	0	26.4	750.8	
24.12.2021 18:19:44	876	3.7	1.761	7.693	15.162	0.000	619	44	0	0	26.3	750.6	
24.12.2021 18:19:45	877	4.4	1.709	7.693	15.162	0.000	619	44	0	0	26.3	750.8	
24.12.2021 18:19:47	879	5.4	1.639	7.693	15.162	0.000	600	44	0	0	26.4	750.3	
24.12.2021 18:19:48	880	6.4	1.622	7.122	15.162	0.000	600	43	0	0	26.5	750.6	
24.12.2021 18:19:50	882	7.3	1.548	7.122	14.472	0.000	600	43	0	0	26.5	751.0	
24.12.2021 18:19:51	883	7.3	1.548	7.122	14.472	0.000	600	43	0	0	26.5	751.0	
24.12.2021 18:19:53	885	11.3	1.317	6.109	12.964	0.000	554	42	0	0	26.3	750.7	
24.12.2021 18:19:54	886	11.3	1.317	6.109	12.964	0.000	554	42	0	0	26.3	750.7	
24.12.2021 18:19:55	887	11.3	1.317	6.109	12.964	0.000	554	42	0	0	26.3	750.7	
24.12.2021 18:19:57	889	14.6	1.112	4.751	10.697	0.000	485	39	0	0	26.6	750.9	
24.12.2021 18:19:59	891	16.0	1.080	3.351	10.697	0.000	402	39	0	0	26.5	750.9	
24.12.2021 18:20:00	892	16.5	1.017	3.351	8.050	0.000	402	34	0	0	26.5	750.9	
24.12.2021 18:20:01	893	17.0	0.955	3.351	8.050	0.000	402	34	0	0	26.5	750.9	
24.12.2021 18:20:02	894	17.0	0.955	3.351	8.050	0.000	402	34	0	0	26.5	750.9	
24.12.2021 18:20:03	895	17.0	0.955	3.351	8.050	0.000	402	34	0	0	26.5	750.9	
24.12.2021 18:20:04	896	18.0	0.887	2.187	5.613	0.000	316	34	0	0	26.6	750.8	
24.12.2021 18:20:05	897	18.2	0.837	2.187	5.613	0.000	316	31	0	0	26.7	750.8	
24.12.2021 18:20:06	898	18.2	0.837	2.187	5.613	0.000	316	31	0	0	26.7	750.8	
24.12.2021 18:20:08	900	18.8	0.773	1.358	3.765	0.000	248	31	0	0	26.7	750.8	
24.12.2021 18:20:09	901	18.8	0.773	1.358	3.765	0.000	248	27	0	0	26.7	750.8	
24.12.2021 18:20:11	903	19.2	0.667	1.358	3.765	0.000	198	27	0	0	26.5	750.8	
24.12.2021 18:20:12	904	19.2	0.667	1.358	3.765	0.000	198	27	0	0	26.5	750.8	
24.12.2021 18:20:13	905	19.5	0.606	0.840	2.507	0.000	198	23	0	0	26.5	750.9	
24.12.2021 18:20:14	906	19.6	0.575	0.840	2.507	0.000	163	23	0	0	26.4	750.9	
24.12.2021 18:20:16	908	19.7	0.533	0.528	1.718	0.000	163	23	0	0	26.8	750.9	
24.12.2021 18:20:17	909	19.7	0.533	0.528	1.718	0.000	163	21	0	0	26.8	750.9	
24.12.2021 18:20:18	910	19.7	0.533	0.528	1.718	0.000	163	21	0	0	26.8	750.9	
24.12.2021 18:20:20	912	19.9	0.482	0.356	1.718	0.000	142	21	0	0	26.6	750.6	
24.12.2021 18:20:21	913	19.9	0.482	0.356	1.718	0.000	142	21	0	0	26.6	750.6	
24.12.2021 18:20:22	914	20.0	0.418	0.356	1.238	0.000	142	19	0	0	26.6	751.0	
24.12.2021 18:20:23	915	20.0	0.418	0.356	1.238	0.000	142	19	0	0	26.6	751.0	
24.12.2021 18:20:24	916	20.1	0.368	0.259	0.939	0.000	128	19	0	0	26.4	750.8	
24.12.2021 18:20:25	917	20.1	0.356	0.259	0.939	0.000	128	17	0	0	26.7	751.3	
24.12.2021 18:20:26	918	20.1	0.335	0.259	0.939	0.000	119	17	0	0	26.6	751.1	
24.12.2021 18:20:28	920	19.8	0.316	0.194	0.759	0.000	119	17	0	0	26.5	751.1	
24.12.2021 18:20:29	921	19.8	0.316	0.194	0.759	0.000	119	17	0	0	26.5	751.1	
24.12.2021 18:20:30	922	19.8	0.316	0.194	0.759	0.000	119	16	0	0	26.5	751.1	
24.12.2021 18:20:32	924	18.3	0.317	0.183	0.839	0.000	111	16	0	0	26.5	750.9	
24.12.2021 18:20:33	925	17.6	0.339	0.183	0.839	0.000	111	15	0	0	26.6	751.0	
24.12.2021 18:20:34	926	16.9	0.362	0.183	0.839	0.000	110	15	0	0	26.6	751.2	
24.12.2021 18:20:35	927	16.9	0.362	0.183	0.839	0.000	110	15	0	0	26.6	751.2	
24.12.2021 18:20:36	928	16.9	0.362	0.183	0.839	0.000	110	15	0	0	26.6	751.2	
24.12.2021 18:20:37	929	15.0	0.448	0.302	1.358	0.000	110	14	0	0	26.6	750.8	
24.12.2021 18:20:39	931	14.0	0.515	0.302	1.358	0.000	127	14	0	0	26.5	750.8	
24.12.2021 18:20:40	932	14.0	0.515	0.302	1.358	0.000	127	14	0	0	26.5	750.8	
24.12.2021 18:20:41	933	12.0	0.646	0.668	2.537	0.000	127	15	0	0	26.5	750.7	
24.12.2021 18:20:43	935	11.0	0.749	0.668	2.537	0.000	181	15	0	0	26.4	750.8	
24.12.2021 18:20:45	937	8.3	0.999	1.444	4.604	0.000	181	18	0	0	26.3	750.6	
24.12.2021 18:20:47	939	8.3	0.999	1.444	4.604	0.000	181	18	0	0	26.3	750.6	
24.12.2021 18:20:48	940	6.8	1.123	2.704	7.201	0.000	279	18	0	0	26.4	750.8	
24.12.2021 18:20:50	942	6.3	1.208	2.704	7.201	0.000	279	21	0	0	26.6	751.1	
24.12.2021 18:20:51	943	6.3	1.208	2.704	7.201	0.000	279	21	0	0	26.6	751.1	
24.12.2021 18:20:53	945	4.8	1.418	4.180	9.628	0.000	415	21	0	0	26.7	750.6	
24.12.2021 18:20:54	946	4.4	1.512	4.180	9.628	0.000	567	26	0	0	26.4	750.6	
24.12.2021 18:20:55	947	4.0	1.497	5.527	9.628	0.000	567	26	0	0	26.3	750.9	
24.12.2021 18:20:56	948	3.8	1.567	5.527	11.546	0.000	567	26	0	0	26.4	751.3	
24.12.2021 18:20:58	950	3.3	1.721	5.527	11.546	0.000	705	31	0	0	26.2	750.8	
24.12.2021 18:20:59	951	3.2	1.695	6.572	11.546	0.000	705	31	0	0	26.3	750.8	
24.12.2021 18:21:00	952	3.2	1.695	6.572	11.546	0.000	705	31	0	0	26.3	750.8	
24.12.2021 18:21:01	953	3.2	1.695	6.572	11.546	0.000	705	37	0	0	26.3	750.8	
24.12.2021 18:21:03	955	2.7	1.857	7.186	12.924	0.000	814	37	0	0	26.2	750.9	
24.12.2021 18:21:05	957	2.5	1.965	7.186	13.833	0.000	814	43	0	0	26.3	750.8	
24.12.2021 18:21:06	958	2.4	2.002	7.186	13.833	0.000	890	43	0	0	26.2	750.7	
24.12.2021 18:21:08	960	2.4	2.001	7.714	13.833	0.000	890	48	0	0	26.3	751.0	
24.12.2021 18:21:10	962	2.3	2.056	7.714	14.403	0.000	890	48	0	0	26.3	750.7	
24.12.2021 18:21:11	963	2.2	2.116	8.037	14.403	0.000	942	48	0	0	26.3	750.9	
24.12.2021 18:21:12	964	2.2	2.144	8.037	14.762	0.000	942	54	0	0	26.3	750.5	
24.12.2021 18:21:13	965	2.1	2.185	8.037	14.762	0.000	942	54	0	0	26.2	750.6	
24.12.2021 18:21:14	966	2.1	2.202	8.037	14.762	0.000	974	54	0	0	26.1	750.7	
24.12.2021 18:21:15	967	2.1	2.202	8.037	14.762	0.000	974	54	0	0	26.1	750.7	
24.12.2021 18:21:16	968	2.1	2.209	8.242	14.952	0.000	974	59	0	0	26.2	750.7	
24.12.2021 18:21:18	970	2.0	2.263	8.242	14.952	0.000	993	59	0	0	26.6	750.8	
24.12.2021 18:21:19	971	2.0	2.280	8.371	14.952	0.000	993	59	0	0	26.5	750.8	
24.12.2021 18:21:21	973	2.0	2.280	8.371	14.952	0.000	993	63	0	0	26.5	750.8	
24.12.2021 18:21:22	974	2.0	2.317	8.371	15.082	0.000	1004	63	0	0	26.4	750.8	
24.12.2021 18:21:23	975	2.0	2.336	8.458	15.082	0.000	1004	63	0	0	26.4	750.8	
24.12.2021 18:21:25	977	2.0	2.336	8.458	15.082	0.000	1004	0	0	0	26.4	750.8	
24.12.2021 18:21:26	978	1.9	2.365	8.458	15.162	0.000	1011	0	0	0	26.3	750.9	
24.12.2021 18:21:27	979	1.9	2.365	8.458	15.162	0.000	1011	0	0	0	26.3	750.9	
24.12.2021 18:21:28	980	1.9	2.403	8.501	15.202	0.000	1011	0	0	0	26.2	750.8	
24.12.2021 18:21:30	982	1.9	2.421	8.501	15.202	0.000	1016	0	0	0	26.4	751.1	
24.12.2021 18:21:31	983	1.9	2.423	8.522	15.202	0.000	1016	0	0	0	26.4	750.8	
24.12.2021 18:21:32	984	1.9	2.425	8.522	15.232	0.000	1016	0	0	0	26.4	750.7	
24.12.2021 18:21:34	986	1.9	2.425	8.522	15.232	0.000	1016	0	0	0	26.4	750.7	
24.12.2021 18:21:35	987	1.9	2.445	8.533	15.232	0.000	1021	0	0	0	26.5	750.8	
24.12.2021 18:21:36	988	1.9	2.457	8.533	15.252	0.000	1021	0	0	0	26.3	750.8	
24.12.2021 18:21:37	989	1.9	2.464	8.533	15.252	0.000	1021	0	0	0	26.5	750.9	
24.12.2021 18:21:38	990	1.9	2.474	8.533	15.252	0.000	1022	0	0	0	26.6	750.9	
24.12.2021 18:21:39	991	1.9	2.480	8.522	15.252	0.000	1022	0	0	0	26.6	750.7	
24.12.2021 18:21:40	992	1.9	2.480	8.522	15.252	0.000	1022	0	0	0	26.6	750.7	
24.12.2021 18:21:41	993	1.9	2.484	8.522	15.252	0.000	1022	0	0	0	26.6	750.6	
24.12.2021 18:21:42	994	1.9	2.484	8.522	15.252	0.000	1022	0	0	0	26.6	750.6	
24.12.2021 18:21:43	995	1.9	2.482	8.533	15.252	0.000	1022	0	0	0	26.6	751.0	
24.12.2021 18:21:45	997	1.8	2.489	8.533	15.281	0.000	1022	0	0	0	26.6	750.7	
24.12.2021 18:21:47	999	1.8	2.489	8.533	15.281	0.000	1022	0	0	0	26.6	750.7	
24.12.2021 18:21:48	1000	1.8	2.502	8.544	15.311	0.000	1022	0	0	0	26.6	750.8	
24.12.2021 18:21:49	1001	1.8	2.502	8.544	15.311	0.000	1022	0	0	0	26.6	750.8	
24.12.2021 18:21:51	1003	1.8	2.502	8.544	15.311	0.000	1022	0	0	0	26.6	750.8	
24.12.2021 18:21:52	1004	1.9	2.523	8.565	15.331	0.000	1020	0	0	0	26.6	750.8	
24.12.2021 18:21:53	1005	1.8	2.520	8.565	15.331	0.000	1020	0	0	0	26.8	750.8	
24.12.2021 18:21:54	1006	1.9	2.532	8.565	15.331	0.000	1020	0	0	0	26.6	750.8	
24.12.2021 18:21:55	1007	1.9	2.532	8.565	15.331	0.000	1020	0	0	0	26.6	750.8	
24.12.2021 18:21:57	1009	1.9	2.509	8.576	15.371	0.000	1020	0	0	0	26.5	750.6	
24.12.2021 18:21:58	1010	1.9	2.509	8.576	15.371	0.000	1020	0	0	0	26.5	750.6	
24.12.2021 18:22:00	1012	2.5	2.463	8.554	15.351	0.000	1018	0	0	0	26.7	750.7	
24.12.2021 18:22:01	1013	2.8	2.433	8.554	15.351	0.000	1018	0	0	0	26.7	750.6	
24.12.2021 18:22:02	1014	2.8	2.433	8.554	15.351	0.000	1018	0	0	0	26.7	750.6	
24.12.2021 18:22:03	1015	4.6	2.310	8.339	15.351	0.000	1008	0	0	0	26.5	750.8	
24.12.2021 18:22:04	1016	4.6	2.310	8.339	15.351	0.000	1008	0	0	0	26.5	750.8	
24.12.2021 18:22:06	1018	6.7	2.119	8.339	15.062	0.000	971	0	0	0	26.5	750.7	
24.12.2021 18:22:08	1020	9.4	1.934	7.649	14.083	0.000	971	0	0	0	26.4	750.6	
24.12.2021 18:22:09	1021	9.4	1.934	7.649	14.083	0.000	971	0	0	0	26.4	750.6	
24.12.2021 18:22:10	1022	9.4	1.934	7.649	14.083	0.000	971	0	0	0	26.4	750.6	
24.12.2021 18:22:11	1023	11.6	1.798	6.464	14.083	0.000	891	0	0	0	26.7	750.2	
24.12.2021 18:22:12	1024	12.4	1.703	6.464	12.245	0.000	891	0	0	0	26.5	750.6	
24.12.2021 18:22:13	1025	12.4	1.703	6.464	12.245	0.000	891	0	0	0	26.5	750.6	
24.12.2021 18:22:14	1026	12.4	1.703	6.464	12.245	0.000	891	88	0	0	26.5	750.6	
24.12.2021 18:22:15	1027	14.4	1.571	4.956	12.245	0.000	773	88	0	0	26.4	750.8	
24.12.2021 18:22:17	1029	15.7	1.380	4.956	9.788	0.000	773	186	0	0	26.4	751.1	
24.12.2021 18:22:19	1031	16.8	1.294	3.458	7.201	0.000	631	186	0	0	26.4	751.1	
24.12.2021 18:22:21	1033	16.8	1.294	3.458	7.201	0.000	631	186	0	0	26.4	751.1	
24.12.2021 18:22:23	1035	17.8	1.093	3.458	7.201	0.000	491	273	0	0	26.3	750.8	
24.12.2021 18:22:25	1037	18.4	1.023	2.284	5.024	0.000	491	273	0	0	26.4	751.1	
24.12.2021 18:22:26	1038	18.6	0.963	2.284	5.024	0.000	377	342	0	0	26.4	751.3	
24.12.2021 18:22:28	1040	19.1	0.882	1.454	3.426	0.000	377	342	0	0	26.4	750.6	
24.12.2021 18:22:29	1041	19.2	0.827	1.454	3.426	0.000	293	379	0	0	26.3	750.6	
24.12.2021 18:22:31	1043	19.3	0.812	0.927	3.426	0.000	293	379	0	0	26.2	750.5	
24.12.2021 18:22:33	1045	19.4	0.768	0.927	2.327	0.000	293	379	0	0	26.2	750.8	
24.12.2021 18:22:35	1047	19.7	0.662	0.603	1.628	0.000	233	392	0	0	26.2	750.6	
24.12.2021 18:22:37	1049	19.7	0.662	0.603	1.628	0.000	233	392	0	0	26.2	750.6	
24.12.2021 18:22:39	1051	19.9	0.586	0.603	1.628	0.000	194	388	0	0	26.2	750.6	
24.12.2021 18:22:41	1053	20.0	0.517	0.399	1.179	0.000	194	388	0	0	26.2	750.8	
24.12.2021 18:22:43	1055	20.1	0.478	0.291	1.179	0.000	167	237	0	0	26.2	750.5	
24.12.2021 18:22:44	1056	20.1	0.478	0.291	1.179	0.000	167	237	0	0	26.2	750.5	
24.12.2021 18:22:46	1058	20.1	0.478	0.291	1.179	0.000	167	237	0	0	26.2	750.5	
24.12.2021 18:22:47	1059	19.8	0.416	0.215	0.889	0.000	153	57	0	0	26.5	751.1	
24.12.2021 18:22:48	1060	19.8	0.416	0.215	0.889	0.000	153	57	0	0	26.5	751.1	
24.12.2021 18:22:50	1062	19.0	0.406	0.215	0.739	0.000	140	57	0	0	26.4	751.3	
24.12.2021 18:22:51	1063	18.6	0.412	0.215	0.739	0.000	140	45	0	0	26.4	751.1	
24.12.2021 18:22:52	1064	18.6	0.412	0.215	0.739	0.000	140	45	0	0	26.4	751.1	
24.12.2021 18:22:54	1066	16.9	0.481	0.215	0.829	0.000	141	45	0	0	26.3	751.0	
24.12.2021 18:22:55	1067	16.9	0.481	0.215	0.829	0.000	141	40	0	0	26.3	751.0	
24.12.2021 18:22:56	1068	15.1	0.598	0.377	1.348	0.000	141	40	0	0	26.4	750.8	
24.12.2021 18:22:57	1069	14.4	0.656	0.377	1.348	0.000	141	40	0	0	26.3	750.7	
24.12.2021 18:22:58	1070	13.4	0.746	0.377	1.348	0.000	174	40	0	0	26.2	750.8	
24.12.2021 18:23:00	1072	12.6	0.790	0.808	1.348	0.000	174	38	0	0	26.1	750.6	
24.12.2021 18:23:02	1074	12.6	0.790	0.808	1.348	0.000	174	38	0	0	26.1	750.6	
24.12.2021 18:23:03	1075	9.6	1.090	1.659	4.525	0.000	257	39	0	0	26.3	750.8	
24.12.2021 18:23:04	1076	8.9	1.187	1.659	4.525	0.000	257	39	0	0	26.3	751.1	
24.12.2021 18:23:06	1078	8.1	1.314	1.659	4.525	0.000	391	39	0	0	26.4	751.1	
24.12.2021 18:23:07	1079	8.1	1.314	1.659	4.525	0.000	391	43	0	0	26.4	751.1	
24.12.2021 18:23:08	1080	8.1	1.314	1.659	4.525	0.000	391	43	0	0	26.4	751.1	
24.12.2021 18:23:09	1081	8.1	1.314	1.659	4.525	0.000	391	43	0	0	26.4	751.1	
24.12.2021 18:23:11	1083	5.5	1.555	4.363	7.111	0.000	562	50	0	0	26.2	750.8	
24.12.2021 18:23:12	1084	5.1	1.648	4.363	9.588	0.000	562	50	0	0	26.3	750.5	
24.12.2021 18:23:13	1085	5.1	1.648	4.363	9.588	0.000	562	50	0	0	26.3	750.5	
24.12.2021 18:23:14	1086	4.3	1.758	5.635	9.588	0.000	739	50	0	0	26.3	750.9	
24.12.2021 18:23:16	1088	4.0	1.863	5.635	11.636	0.000	739	57	0	0	26.4	751.0	
24.12.2021 18:23:18	1090	4.0	1.863	5.635	11.636	0.000	739	57	0	0	26.4	751.0	
24.12.2021 18:23:20	1092	4.0	1.863	5.635	11.636	0.000	739	66	0	0	26.4	751.0	
24.12.2021 18:23:22	1094	2.8	2.163	7.348	13.154	0.000	1013	66	0	0	26.4	751.2	
24.12.2021 18:23:24	1096	2.8	2.163	7.348	13.154	0.000	1013	66	0	0	26.4	751.2	
24.12.2021 18:23:26	1098	2.4	2.306	7.833	14.203	0.032	1101	45	0	0	26.3	751.2	
24.12.2021 18:23:28	1100	2.4	2.306	7.833	14.203	0.032	1101	45	0	0	26.3	751.2	
24.12.2021 18:23:29	1101	2.2	2.420	7.833	14.882	0.315	1101	0	0	0	26.2	750.8	
24.12.2021 18:23:30	1102	2.2	2.420	7.833	14.882	0.315	1101	0	0	0	26.2	750.8	
24.12.2021 18:23:31	1103	2.2	2.420	7.833	14.882	0.315	1101	0	0	0	26.2	750.8	
24.12.2021 18:23:32	1104	2.2	2.420	7.833	14.882	0.315	1101	0	0	0	26.2	750.8	
24.12.2021 18:23:33	1105	2.1	2.526	8.145	15.321	0.543	1203	0	0	0	26.1	751.0	
24.12.2021 18:23:35	1107	2.1	2.526	8.145	15.321	0.543	1203	0	0	0	26.1	751.0	
24.12.2021 18:23:37	1109	2.0	2.612	8.317	15.611	0.732	1203	0	0	0	26.4	750.9	
24.12.2021 18:23:38	1110	2.0	2.612	8.317	15.611	0.732	1203	0	0	0	26.4	750.9	
24.12.2021 18:23:39	1111	2.0	2.612	8.317	15.611	0.732	1203	0	0	0	26.4	750.9	
24.12.2021 18:23:40	1112	2.0	2.612	8.317	15.611	0.732	1203	0	0	0	26.4	750.9	
24.12.2021 18:23:42	1114	2.0	2.662	8.414	15.791	0.839	1228	0	0	0	26.3	750.7	
24.12.2021 18:23:43	1115	2.0	2.662	8.414	15.791	0.839	1228	0	0	0	26.3	750.7	
24.12.2021 18:23:45	1117	1.9	2.713	8.468	15.901	0.880	1243	0	0	0	26.3	751.1	
24.12.2021 18:23:46	1118	1.9	2.713	8.468	15.901	0.880	1243	0	0	0	26.3	751.1	
24.12.2021 18:23:48	1120	1.9	2.728	8.490	15.961	0.866	1254	0	0	0	26.3	751.5	
24.12.2021 18:23:50	1122	1.9	2.754	8.490	15.961	0.866	1257	0	0	0	26.3	751.1	
24.12.2021 18:23:51	1123	1.9	2.771	8.511	15.961	0.866	1257	0	0	0	26.2	750.8	
24.12.2021 18:23:52	1124	1.9	2.778	8.511	15.991	0.866	1257	0	0	0	26.3	751.1	
24.12.2021 18:23:53	1125	1.9	2.783	8.511	15.991	0.812	1257	0	0	0	26.1	750.8	
24.12.2021 18:23:55	1127	1.9	2.792	8.522	15.991	0.812	1259	0	0	0	26.2	750.8	
24.12.2021 18:23:57	1129	1.9	2.792	8.522	15.991	0.812	1259	0	0	0	26.2	750.8	
24.12.2021 18:23:59	1131	1.9	2.824	8.522	16.001	0.826	1259	0	0	0	26.2	751.3	
24.12.2021 18:24:00	1132	1.9	2.829	8.522	16.001	0.826	1259	0	0	0	26.3	751.6	
24.12.2021 18:24:01	1133	1.9	2.829	8.522	16.001	0.826	1259	0	0	0	26.3	751.6	
24.12.2021 18:24:02	1134	1.8	2.843	8.533	16.001	0.866	1260	0	0	0	26.3	750.8	
24.12.2021 18:24:03	1135	1.8	2.843	8.533	16.001	0.866	1260	0	0	0	26.3	750.8	
24.12.2021 18:24:05	1137	1.8	2.843	8.533	16.001	0.866	1260	0	0	0	26.3	750.8	
24.12.2021 18:24:06	1138	4.4	2.839	8.544	16.021	0.960	1264	0	0	0	26.4	751.2	
24.12.2021 18:24:07	1139	4.4	2.839	8.544	16.021	0.960	1264	0	0	0	26.4	751.2	
24.12.2021 18:24:08	1140	8.7	2.747	8.544	15.761	0.960	1264	0	0	0	26.5	750.7	
24.12.2021 18:24:09	1141	12.1	2.578	8.544	15.761	0.920	1264	0	0	0	26.5	750.6	
24.12.2021 18:24:10	1142	12.1	2.578	8.544	15.761	0.920	1264	0	0	0	26.5	750.6	
24.12.2021 18:24:12	1144	18.5	1.799	6.615	11.506	0.000	1248	0	0	0	26.2	750.8	
24.12.2021 18:24:14	1146	18.5	1.799	6.615	11.506	0.000	1248	0	0	0	26.2	750.8	
24.12.2021 18:24:16	1148	20.0	1.258	3.889	6.762	0.000	1028	72	0	0	26.4	750.9	
