Tabs	Trel	O2(%)	H2(%)	CO(%)	CO2(%)	CH4(%)	SO2(ppm)	NO(ppm)	NO2(ppm)	N2O(ppm)	T(°C)	P()	Comments
24.12.2021 18:27:45	0	5.7	1.923	2.823	6.183	0.000	705	40	0	0	26.4	750.8	
24.12.2021 18:27:47	2	7.5	1.715	5.193	11.336	0.000	705	53	0	0	26.4	751.3	
24.12.2021 18:27:49	4	9.5	1.526	6.561	11.336	0.000	943	65	0	0	26.4	751.1	
24.12.2021 18:27:51	6	10.4	1.473	6.561	13.104	0.000	943	65	0	0	26.3	751.3	
24.12.2021 18:27:52	7	11.5	1.407	6.561	13.104	0.000	943	65	0	0	26.3	751.2	
24.12.2021 18:27:53	8	12.3	1.340	6.561	13.104	0.000	960	74	0	0	26.5	751.3	
24.12.2021 18:27:55	10	13.9	1.249	5.764	11.176	0.000	960	74	0	0	26.6	751.0	
24.12.2021 18:27:57	12	15.2	1.101	5.764	11.176	0.000	828	76	0	0	26.6	751.1	
24.12.2021 18:27:58	13	15.2	1.101	5.764	11.176	0.000	828	76	0	0	26.6	751.1	
24.12.2021 18:27:59	14	15.2	1.101	5.764	11.176	0.000	828	76	0	0	26.6	751.1	
24.12.2021 18:28:00	15	15.2	1.101	5.764	11.176	0.000	828	76	0	0	26.6	751.1	
24.12.2021 18:28:01	16	17.3	0.915	4.363	8.620	0.000	663	73	0	0	26.5	751.0	
24.12.2021 18:28:02	17	17.3	0.915	4.363	8.620	0.000	663	73	0	0	26.5	751.0	
24.12.2021 18:28:03	18	17.3	0.915	4.363	8.620	0.000	663	73	0	0	26.5	751.0	
24.12.2021 18:28:04	19	18.1	0.872	2.995	6.133	0.000	663	73	0	0	26.5	751.3	
24.12.2021 18:28:05	20	18.5	0.796	2.995	6.133	0.000	501	73	0	0	26.4	750.8	
24.12.2021 18:28:07	22	18.5	0.796	2.995	6.133	0.000	501	68	0	0	26.4	750.8	
24.12.2021 18:28:09	24	19.0	0.749	1.929	4.135	0.000	501	68	0	0	26.4	751.1	
24.12.2021 18:28:10	25	19.0	0.749	1.929	4.135	0.000	501	68	0	0	26.4	751.1	
24.12.2021 18:28:12	27	19.6	0.618	1.185	2.717	0.000	369	62	0	0	26.6	751.0	
24.12.2021 18:28:13	28	19.7	0.572	1.185	2.717	0.000	272	62	0	0	26.8	751.0	
24.12.2021 18:28:14	29	19.8	0.569	0.722	2.717	0.000	272	56	0	0	26.8	751.3	
24.12.2021 18:28:16	31	20.0	0.505	0.722	1.768	0.000	272	56	0	0	26.6	751.3	
24.12.2021 18:28:17	32	20.0	0.505	0.722	1.768	0.000	272	56	0	0	26.6	751.3	
24.12.2021 18:28:18	33	20.0	0.505	0.722	1.768	0.000	272	51	0	0	26.6	751.3	
24.12.2021 18:28:20	35	20.1	0.454	0.431	1.169	0.000	205	51	0	0	26.6	751.1	
24.12.2021 18:28:22	37	20.3	0.372	0.269	0.789	0.000	169	47	0	0	26.4	750.9	
24.12.2021 18:28:23	38	20.3	0.372	0.269	0.789	0.000	169	47	0	0	26.4	750.9	
24.12.2021 18:28:25	40	20.2	0.335	0.269	0.789	0.000	140	47	0	0	26.3	751.4	
24.12.2021 18:28:27	42	20.0	0.332	0.172	0.789	0.000	140	43	0	0	26.4	751.2	
24.12.2021 18:28:28	43	20.0	0.332	0.172	0.789	0.000	140	43	0	0	26.4	751.2	
24.12.2021 18:28:30	45	18.6	0.354	0.172	0.589	0.000	124	43	0	0	26.3	751.3	
24.12.2021 18:28:31	46	17.9	0.388	0.172	0.729	0.000	124	40	0	0	26.4	751.2	
24.12.2021 18:28:32	47	17.2	0.421	0.172	0.729	0.000	124	40	0	0	26.5	751.3	
24.12.2021 18:28:33	48	17.2	0.421	0.172	0.729	0.000	124	40	0	0	26.5	751.3	
24.12.2021 18:28:35	50	15.4	0.537	0.366	1.398	0.000	130	36	0	0	26.4	751.3	
24.12.2021 18:28:36	51	15.4	0.537	0.366	1.398	0.000	130	36	0	0	26.4	751.3	
24.12.2021 18:28:37	52	13.2	0.733	0.366	1.398	0.000	185	36	0	0	26.3	751.1	
24.12.2021 18:28:38	53	12.4	0.765	0.862	2.887	0.000	185	38	0	0	26.3	751.4	
24.12.2021 18:28:39	54	11.4	0.860	0.862	2.887	0.000	185	38	0	0	26.4	751.1	
24.12.2021 18:28:40	55	10.7	0.937	0.862	2.887	0.000	289	38	0	0	26.5	751.2	
24.12.2021 18:28:41	56	10.7	0.937	0.862	2.887	0.000	289	38	0	0	26.5	751.2	
24.12.2021 18:28:43	58	8.8	1.058	1.853	5.483	0.000	289	40	0	0	26.4	751.3	
24.12.2021 18:28:45	60	7.6	1.048	3.275	5.483	0.000	433	40	0	0	26.4	751.4	
24.12.2021 18:28:47	62	6.6	1.134	3.275	8.550	0.000	433	45	0	0	26.4	751.3	
24.12.2021 18:28:48	63	6.3	1.151	3.275	8.550	0.000	570	45	0	0	26.4	751.3	
24.12.2021 18:28:50	65	6.3	1.151	3.275	8.550	0.000	570	51	0	0	26.4	751.3	
24.12.2021 18:28:51	66	5.7	1.074	4.557	11.146	0.000	570	51	0	0	26.2	750.9	
24.12.2021 18:28:52	67	5.6	1.071	4.557	11.146	0.000	570	51	0	0	26.2	750.9	
24.12.2021 18:28:53	68	5.6	1.000	5.247	11.146	0.000	645	51	0	0	26.4	750.9	
24.12.2021 18:28:54	69	5.7	0.976	5.247	12.944	0.000	645	57	0	0	26.3	750.8	
24.12.2021 18:28:56	71	6.2	0.906	5.247	12.944	0.000	643	57	0	0	26.3	751.1	
24.12.2021 18:28:57	72	6.2	0.906	5.247	12.944	0.000	643	57	0	0	26.3	751.1	
24.12.2021 18:28:58	73	6.2	0.906	5.247	12.944	0.000	643	60	0	2	26.3	751.1	
24.12.2021 18:29:00	75	7.2	0.771	5.182	13.833	0.000	574	60	0	2	26.4	751.3	
24.12.2021 18:29:01	76	7.6	0.775	4.460	13.833	0.000	574	61	0	3	26.5	751.0	
24.12.2021 18:29:02	77	7.9	0.732	4.460	13.913	0.000	574	61	0	3	26.5	751.2	
24.12.2021 18:29:03	78	7.9	0.732	4.460	13.913	0.000	574	61	0	3	26.5	751.2	
24.12.2021 18:29:04	79	7.9	0.732	4.460	13.913	0.000	574	61	0	3	26.5	751.2	
24.12.2021 18:29:05	80	7.9	0.732	4.460	13.913	0.000	574	61	0	3	26.5	751.2	
24.12.2021 18:29:06	81	9.1	0.634	3.458	13.414	0.000	470	61	0	5	26.3	750.9	
24.12.2021 18:29:07	82	9.1	0.634	3.458	13.414	0.000	470	61	0	5	26.3	750.9	
24.12.2021 18:29:09	84	9.6	0.560	3.458	13.414	0.000	368	61	0	5	26.4	750.8	
24.12.2021 18:29:10	85	9.8	0.587	2.467	13.414	0.000	368	58	0	7	26.5	751.1	
24.12.2021 18:29:12	87	9.8	0.587	2.467	13.414	0.000	368	58	0	7	26.5	751.1	
24.12.2021 18:29:13	88	9.8	0.587	2.467	13.414	0.000	368	58	0	7	26.5	751.1	
24.12.2021 18:29:14	89	10.5	0.518	1.681	12.625	0.000	281	55	0	7	26.4	751.0	
24.12.2021 18:29:15	90	10.7	0.478	1.681	11.816	0.000	281	55	0	7	26.5	751.0	
24.12.2021 18:29:16	91	10.8	0.447	1.681	11.816	0.000	281	55	0	7	26.7	751.2	
24.12.2021 18:29:18	93	10.8	0.447	1.681	11.816	0.000	281	55	0	7	26.7	751.2	
24.12.2021 18:29:20	95	10.8	0.447	1.681	11.816	0.000	281	53	0	6	26.7	751.2	
24.12.2021 18:29:22	97	10.8	0.447	1.681	11.816	0.000	281	53	0	6	26.7	751.2	
24.12.2021 18:29:23	98	11.3	0.346	0.765	10.677	0.000	174	50	0	5	26.6	751.1	
24.12.2021 18:29:24	99	11.3	0.346	0.765	10.677	0.000	174	50	0	5	26.6	751.1	
24.12.2021 18:29:47	122	17.9	0.215	0.312	9.199	0.000	113	42	0	7	26.7	750.8	
24.12.2021 18:29:48	123	17.9	0.215	0.312	9.199	0.000	113	42	0	7	26.7	750.8	
24.12.2021 18:29:49	124	17.9	0.215	0.312	9.199	0.000	113	42	0	7	26.7	750.8	
24.12.2021 18:29:51	126	17.9	0.215	0.312	9.199	0.000	113	42	0	7	26.7	750.8	
24.12.2021 18:29:53	128	17.9	0.215	0.312	9.199	0.000	113	42	0	7	26.7	750.8	
24.12.2021 18:29:54	129	17.9	0.215	0.312	9.199	0.000	113	42	0	7	26.7	750.8	
24.12.2021 18:29:55	130	17.9	0.215	0.312	9.199	0.000	113	42	0	7	26.7	750.8	
24.12.2021 18:29:56	131	17.9	0.215	0.312	9.199	0.000	113	42	0	7	26.7	750.8	
24.12.2021 18:29:58	133	17.9	0.215	0.312	9.199	0.000	113	42	0	7	26.7	750.8	
24.12.2021 18:29:59	134	17.9	0.215	0.312	9.199	0.000	113	42	0	7	26.7	750.8	
24.12.2021 18:31:55	250	20.9	0.000	0.000	0.000	0.039	0	0	1	7	26.3	750.9	
24.12.2021 18:31:57	252	20.9	0.000	0.000	0.000	0.052	0	0	1	7	26.6	750.7	
24.12.2021 18:31:59	254	20.9	0.000	0.000	0.000	0.052	0	0	1	7	26.4	751.2	
24.12.2021 18:32:00	255	20.9	0.000	0.000	0.000	0.052	0	0	1	7	26.5	751.6	
24.12.2021 18:32:01	256	20.9	0.000	0.000	0.000	0.052	0	0	1	7	26.5	751.6	
24.12.2021 18:32:03	258	20.9	0.000	0.000	0.000	0.052	0	0	1	7	26.5	751.6	
24.12.2021 18:32:04	259	20.9	0.000	0.000	0.000	0.052	0	0	1	7	26.5	751.6	
24.12.2021 18:32:05	260	20.9	0.000	0.000	0.000	0.052	0	0	1	7	26.5	751.6	
24.12.2021 18:32:06	261	15.5	0.000	0.000	0.000	0.052	0	0	1	7	26.3	751.5	
24.12.2021 18:32:08	263	14.3	0.000	0.000	0.570	0.052	0	0	1	7	26.2	751.3	
24.12.2021 18:32:09	264	14.3	0.000	0.000	0.570	0.052	0	0	1	7	26.2	751.3	
24.12.2021 18:32:10	265	13.0	0.000	0.032	0.570	0.039	0	0	1	7	26.3	751.1	
24.12.2021 18:32:12	267	12.3	0.000	0.032	2.047	0.013	0	3	2	7	26.4	750.9	
24.12.2021 18:32:13	268	12.2	0.000	0.032	2.047	0.013	2	3	2	7	26.4	751.3	
24.12.2021 18:32:15	270	12.0	0.000	0.065	4.508	0.000	2	7	2	4	26.3	750.8	
24.12.2021 18:32:16	271	12.0	0.000	0.065	4.508	0.000	2	7	2	4	26.3	750.8	
24.12.2021 18:32:18	273	12.0	0.000	0.065	4.508	0.000	2	7	2	4	26.3	750.8	
24.12.2021 18:32:19	274	12.0	0.000	0.065	4.508	0.000	2	7	2	4	26.3	750.8	
24.12.2021 18:32:20	275	11.8	0.000	0.108	8.073	0.000	9	10	2	1	26.3	751.2	
24.12.2021 18:32:21	276	11.8	0.000	0.108	8.073	0.000	19	10	2	1	26.3	750.9	
24.12.2021 18:32:23	278	11.7	0.000	0.140	9.379	0.000	19	10	2	1	26.5	750.6	
24.12.2021 18:32:24	279	11.7	0.000	0.140	9.379	0.000	19	11	2	0	26.5	750.6	
24.12.2021 18:32:25	280	11.8	0.000	0.140	9.379	0.000	27	11	2	0	26.6	751.0	
24.12.2021 18:32:26	281	11.8	0.000	0.140	9.379	0.000	27	11	2	0	26.4	751.2	
24.12.2021 18:32:28	283	11.8	0.000	0.140	9.610	0.000	27	13	2	0	26.4	751.5	
24.12.2021 18:32:30	285	11.8	0.000	0.140	9.610	0.000	27	13	2	0	26.4	751.5	
24.12.2021 18:32:32	287	11.9	0.000	0.140	9.670	0.000	37	14	2	0	26.4	751.3	
24.12.2021 18:32:34	289	11.9	0.000	0.140	9.670	0.000	37	14	2	0	26.4	751.1	
24.12.2021 18:32:36	291	11.9	0.000	0.140	9.640	0.000	37	14	2	0	26.3	751.1	
24.12.2021 18:32:38	293	11.9	0.000	0.140	9.640	0.000	37	14	2	0	26.3	751.1	
24.12.2021 18:32:39	294	12.0	0.000	0.130	9.600	0.000	39	14	2	0	26.4	751.4	
24.12.2021 18:32:40	295	12.0	0.000	0.130	9.600	0.000	39	14	2	0	26.3	751.2	
24.12.2021 18:32:41	296	12.0	0.000	0.130	9.600	0.000	39	14	2	0	26.3	751.2	
24.12.2021 18:32:42	297	12.0	0.000	0.130	9.550	0.000	41	14	2	0	26.3	750.8	
24.12.2021 18:32:44	299	12.0	0.000	0.130	9.550	0.000	41	13	2	0	26.6	751.1	
24.12.2021 18:32:45	300	12.0	0.000	0.130	9.550	0.000	41	13	2	0	26.6	751.1	
24.12.2021 18:32:47	302	12.0	0.000	0.130	9.550	0.000	41	13	2	0	26.4	750.9	
24.12.2021 18:32:48	303	12.0	0.000	0.130	9.550	0.000	41	12	2	0	26.4	750.9	
24.12.2021 18:32:49	304	12.0	0.000	0.130	9.530	0.000	45	12	2	0	26.6	751.3	
24.12.2021 18:32:51	306	12.0	0.000	0.119	9.509	0.000	45	12	2	0	26.5	751.1	
24.12.2021 18:32:52	307	12.0	0.000	0.119	9.509	0.000	45	11	2	0	26.4	751.3	
24.12.2021 18:32:53	308	12.0	0.000	0.119	9.509	0.000	46	11	2	0	26.4	750.9	
24.12.2021 18:32:54	309	12.0	0.000	0.119	9.509	0.000	46	11	2	0	26.5	751.0	
24.12.2021 18:32:55	310	12.0	0.000	0.119	9.499	0.000	46	11	2	0	26.4	751.0	
24.12.2021 18:32:57	312	12.0	0.000	0.119	9.499	0.000	47	11	2	0	26.5	751.2	
24.12.2021 18:32:58	313	12.0	0.000	0.119	9.499	0.000	47	11	2	0	26.5	751.2	
24.12.2021 18:32:59	314	12.0	0.000	0.119	9.499	0.000	47	11	2	0	26.5	751.2	
24.12.2021 18:33:00	315	12.0	0.000	0.119	9.489	0.000	47	11	2	0	26.7	751.2	
24.12.2021 18:33:01	316	12.0	0.000	0.119	9.489	0.000	47	11	2	0	26.7	751.2	
24.12.2021 18:33:02	317	12.0	0.000	0.119	9.489	0.000	47	11	2	0	26.7	751.2	
24.12.2021 18:33:04	319	12.0	0.000	0.119	9.469	0.000	48	10	2	0	26.7	751.0	
24.12.2021 18:33:05	320	12.0	0.000	0.119	9.469	0.000	48	10	2	0	26.7	751.0	
24.12.2021 18:33:07	322	12.0	0.000	0.119	9.459	0.000	48	10	2	0	26.6	751.2	
24.12.2021 18:33:08	323	12.1	0.000	0.119	9.459	0.000	48	10	2	0	26.9	751.2	
24.12.2021 18:33:10	325	12.1	0.000	0.119	9.439	0.000	48	10	2	0	26.6	750.8	
24.12.2021 18:33:12	327	12.1	0.000	0.119	9.439	0.000	48	10	2	0	26.6	750.8	
24.12.2021 18:33:13	328	12.1	0.000	0.119	9.439	0.000	48	11	2	3	26.7	751.0	
24.12.2021 18:33:15	330	12.1	0.000	0.108	9.419	0.000	48	11	2	3	26.6	751.1	
24.12.2021 18:33:17	332	12.1	0.000	0.108	9.419	0.000	48	10	2	7	26.6	750.7	
24.12.2021 18:33:18	333	12.1	0.000	0.108	9.409	0.000	48	10	2	7	26.6	750.8	
24.12.2021 18:33:19	334	12.1	0.000	0.108	9.409	0.000	48	10	2	7	26.6	750.8	
24.12.2021 18:33:20	335	12.1	0.000	0.108	9.409	0.000	48	10	2	7	26.6	750.8	
24.12.2021 18:33:21	336	12.0	0.000	0.108	9.409	0.000	48	10	2	7	26.9	751.1	
24.12.2021 18:33:22	337	12.0	0.000	0.108	9.409	0.000	48	10	2	7	26.8	750.8	
24.12.2021 18:33:24	339	12.0	0.000	0.108	9.409	0.000	50	10	2	4	26.7	751.1	
24.12.2021 18:33:26	341	12.0	0.000	0.108	9.429	0.000	50	10	2	4	26.6	751.1	
24.12.2021 18:33:27	342	12.0	0.000	0.108	9.429	0.000	50	10	2	4	26.6	751.1	
24.12.2021 18:33:29	344	12.0	0.000	0.108	9.429	0.000	52	10	2	5	26.4	750.9	
24.12.2021 18:33:31	346	11.9	0.000	0.119	9.459	0.000	52	9	2	3	26.5	750.9	
24.12.2021 18:33:32	347	11.9	0.000	0.119	9.459	0.000	52	9	2	3	26.6	751.0	
24.12.2021 18:33:33	348	11.9	0.000	0.119	9.459	0.000	52	9	2	3	26.4	751.1	
24.12.2021 18:33:35	350	11.9	0.000	0.119	9.459	0.000	52	9	2	0	26.4	751.2	
24.12.2021 18:33:37	352	11.9	0.000	0.119	9.509	0.000	51	9	2	0	26.2	751.4	
24.12.2021 18:33:39	354	11.9	0.000	0.119	9.560	0.000	51	10	2	4	26.3	751.1	
24.12.2021 18:33:41	356	11.8	0.000	0.119	9.560	0.000	52	10	2	4	26.3	751.5	
24.12.2021 18:33:43	358	11.9	0.000	0.119	9.560	0.000	52	9	2	6	26.3	751.4	
24.12.2021 18:33:44	359	11.9	0.000	0.119	9.560	0.000	52	9	2	6	26.3	751.4	
24.12.2021 18:33:46	361	11.9	0.000	0.119	9.600	0.000	50	9	2	3	26.3	751.8	
24.12.2021 18:33:47	362	11.9	0.000	0.119	9.630	0.000	50	9	2	3	26.4	751.2	
24.12.2021 18:33:49	364	11.9	0.000	0.119	9.630	0.000	50	9	2	3	26.4	751.2	
24.12.2021 18:33:51	366	12.0	0.000	0.119	9.630	0.000	50	9	2	4	26.4	751.1	
24.12.2021 18:33:52	367	12.0	0.000	0.119	9.630	0.000	50	9	2	4	26.4	751.1	
24.12.2021 18:33:53	368	12.2	0.000	0.119	9.630	0.000	50	9	2	4	26.4	751.0	
24.12.2021 18:33:54	369	12.4	0.000	0.119	9.630	0.000	50	9	2	3	26.7	751.3	
24.12.2021 18:33:56	371	12.6	0.000	0.119	9.550	0.000	50	9	2	3	26.5	751.3	
24.12.2021 18:33:58	373	13.9	0.000	0.119	9.168	0.000	51	8	2	5	26.7	751.4	
24.12.2021 18:33:59	374	13.9	0.000	0.119	9.168	0.000	51	8	2	5	26.7	751.4	
24.12.2021 18:34:00	375	14.3	0.000	0.119	9.168	0.000	51	8	2	5	26.6	751.2	
24.12.2021 18:34:02	377	15.4	0.000	0.108	8.334	0.000	51	7	2	6	26.6	751.3	
24.12.2021 18:34:03	378	15.4	0.000	0.108	8.334	0.000	51	7	2	6	26.6	751.3	
24.12.2021 18:34:05	380	16.4	0.000	0.108	8.334	0.000	51	7	2	6	26.5	751.4	
24.12.2021 18:34:07	382	16.8	0.000	0.086	8.334	0.000	51	6	2	3	26.5	751.6	
24.12.2021 18:34:09	384	17.6	0.000	0.086	7.039	0.000	51	6	2	3	26.5	751.3	
24.12.2021 18:34:11	386	18.3	0.000	0.065	5.472	0.000	51	3	2	5	26.6	751.0	
24.12.2021 18:34:12	387	18.6	0.000	0.065	5.472	0.000	49	3	2	5	26.6	751.0	
24.12.2021 18:34:13	388	18.8	0.000	0.054	5.472	0.000	49	3	2	5	26.6	751.0	
24.12.2021 18:34:14	389	18.8	0.000	0.054	5.472	0.000	49	1	2	6	26.6	751.0	
24.12.2021 18:34:16	391	18.8	0.000	0.054	5.472	0.000	49	1	2	6	26.6	751.0	
24.12.2021 18:34:18	393	19.5	0.000	0.043	3.975	0.000	50	1	2	6	26.7	751.2	
24.12.2021 18:34:19	394	19.5	0.000	0.043	3.975	0.000	50	0	2	3	26.7	751.2	
24.12.2021 18:34:20	395	19.7	0.000	0.043	2.750	0.000	50	0	2	3	26.8	751.1	
24.12.2021 18:34:21	396	19.8	0.000	0.022	2.750	0.000	50	0	2	3	26.6	751.2	
24.12.2021 18:34:22	397	19.9	0.000	0.022	1.876	0.000	50	0	1	0	26.6	751.1	
24.12.2021 18:34:23	398	19.9	0.000	0.022	1.876	0.000	50	0	1	0	26.6	751.1	
24.12.2021 18:34:25	400	19.9	0.000	0.022	1.876	0.000	50	0	1	0	26.6	751.1	
24.12.2021 18:34:26	401	20.2	0.000	0.011	1.253	0.000	52	0	1	0	26.5	751.1	
24.12.2021 18:34:27	402	20.2	0.000	0.011	1.253	0.000	52	0	2	0	26.6	751.2	
24.12.2021 18:34:29	404	20.3	0.000	0.011	1.253	0.000	53	0	2	0	26.7	751.1	
24.12.2021 18:34:30	405	20.3	0.000	0.011	1.253	0.000	53	0	2	0	26.7	751.1	
24.12.2021 18:34:32	407	20.3	0.000	0.011	0.852	0.000	53	0	2	0	26.6	750.6	
24.12.2021 18:34:33	408	20.3	0.000	0.011	0.852	0.000	53	0	2	0	26.6	750.6	
24.12.2021 18:34:35	410	19.9	0.000	0.000	0.651	0.000	55	0	2	0	26.6	751.5	
24.12.2021 18:34:36	411	19.9	0.000	0.000	0.651	0.000	55	0	2	0	26.6	751.5	
24.12.2021 18:34:38	413	19.7	0.000	0.000	0.651	0.000	55	0	2	0	26.7	751.5	
24.12.2021 18:34:39	414	18.9	0.000	0.000	0.701	0.000	55	0	2	0	26.7	751.1	
24.12.2021 18:34:40	415	18.6	0.000	0.000	0.701	0.000	54	0	2	0	26.6	751.0	
24.12.2021 18:34:41	416	18.1	0.000	0.011	0.701	0.000	54	0	2	0	26.6	751.0	
24.12.2021 18:34:43	418	17.7	0.000	0.011	1.103	0.000	54	0	2	0	26.7	751.2	
24.12.2021 18:34:44	419	17.7	0.000	0.011	1.103	0.000	54	0	2	0	26.7	751.2	
24.12.2021 18:34:45	420	16.7	0.000	0.032	1.103	0.000	53	0	2	0	26.5	751.0	
24.12.2021 18:34:46	421	16.7	0.000	0.032	1.103	0.000	53	0	2	0	26.5	751.0	
24.12.2021 18:34:47	422	16.7	0.000	0.032	1.103	0.000	53	0	2	0	26.5	751.0	
24.12.2021 18:34:49	424	15.0	0.000	0.032	1.997	0.000	53	0	2	0	26.5	751.3	
24.12.2021 18:34:50	425	15.0	0.000	0.032	1.997	0.000	53	0	2	0	26.5	751.3	
24.12.2021 18:34:51	426	13.9	0.000	0.054	3.463	0.000	53	2	3	0	26.6	751.7	
24.12.2021 18:34:52	427	13.6	0.000	0.054	3.463	0.000	54	2	3	0	26.5	751.4	
24.12.2021 18:34:53	428	13.6	0.000	0.054	3.463	0.000	54	2	3	0	26.5	751.4	
24.12.2021 18:34:55	430	12.6	0.000	0.086	5.281	0.000	54	3	3	0	26.5	751.5	
24.12.2021 18:34:57	432	12.1	0.000	0.140	5.281	0.000	54	3	3	0	26.6	751.5	
24.12.2021 18:34:58	433	11.8	0.000	0.140	7.029	0.000	54	4	3	0	26.5	751.5	
24.12.2021 18:35:00	435	11.4	0.000	0.140	7.029	0.000	55	4	3	0	26.5	751.3	
24.12.2021 18:35:02	437	11.2	0.000	0.184	7.029	0.000	55	4	3	0	26.6	751.4	
24.12.2021 18:35:04	439	10.9	0.000	0.184	8.495	0.000	55	4	3	0	26.4	751.1	
24.12.2021 18:35:06	441	10.9	0.000	0.184	8.495	0.000	55	4	3	0	26.4	751.1	
24.12.2021 18:35:08	443	10.9	0.000	0.184	8.495	0.000	55	4	3	0	26.4	751.1	
24.12.2021 18:35:09	444	10.9	0.000	0.184	8.495	0.000	55	4	3	0	26.4	751.1	
24.12.2021 18:35:11	446	10.3	0.000	0.238	10.313	0.000	54	5	3	0	26.4	751.5	
24.12.2021 18:35:12	447	10.3	0.000	0.238	10.313	0.000	54	5	3	0	26.5	751.6	
24.12.2021 18:35:13	448	10.3	0.000	0.238	10.313	0.000	54	5	3	0	26.5	751.6	
24.12.2021 18:35:15	450	10.2	0.000	0.259	10.785	0.000	54	5	3	0	26.5	751.3	
24.12.2021 18:35:17	452	10.2	0.000	0.259	10.785	0.000	54	5	3	0	26.3	751.2	
24.12.2021 18:35:19	454	10.2	0.000	0.270	11.046	0.000	54	5	3	0	26.5	751.5	
24.12.2021 18:35:21	456	10.2	0.000	0.270	11.046	0.000	52	5	3	0	26.5	751.1	
24.12.2021 18:35:23	458	10.2	0.000	0.270	11.046	0.000	52	5	3	0	26.5	751.1	
24.12.2021 18:35:25	460	10.2	0.000	0.270	11.187	0.000	52	5	3	0	26.3	750.8	
24.12.2021 18:35:26	461	10.2	0.000	0.270	11.247	0.000	53	5	3	0	26.4	751.1	
24.12.2021 18:35:27	462	10.2	0.000	0.270	11.247	0.000	53	5	3	0	26.4	751.1	
24.12.2021 18:35:28	463	10.2	0.000	0.270	11.247	0.000	53	5	3	0	26.4	751.1	
24.12.2021 18:35:29	464	10.3	0.000	0.259	11.247	0.000	54	5	3	0	26.3	751.4	
24.12.2021 18:35:30	465	10.3	0.000	0.259	11.237	0.000	54	5	3	0	26.5	751.4	
24.12.2021 18:35:32	467	10.4	0.000	0.259	11.237	0.000	54	5	3	0	26.5	751.3	
24.12.2021 18:35:33	468	10.4	0.000	0.259	11.237	0.000	54	5	3	0	26.4	751.3	
24.12.2021 18:35:35	470	10.4	0.000	0.259	11.187	0.000	54	5	3	0	26.5	751.4	
24.12.2021 18:35:36	471	10.4	0.000	0.259	11.187	0.000	54	5	3	0	26.5	751.4	
24.12.2021 18:35:38	473	10.4	0.000	0.249	11.187	0.000	54	5	3	0	26.4	751.2	
24.12.2021 18:35:39	474	10.4	0.000	0.249	11.187	0.000	54	4	3	0	26.4	751.2	
24.12.2021 18:35:41	476	10.4	0.000	0.249	11.137	0.000	54	4	3	0	26.3	750.9	
24.12.2021 18:35:42	477	10.4	0.000	0.238	11.137	0.000	54	4	3	0	26.3	750.7	
24.12.2021 18:35:43	478	10.4	0.000	0.238	11.096	0.000	54	5	3	0	26.4	751.1	
24.12.2021 18:35:44	479	10.4	0.000	0.238	11.096	0.000	54	5	3	0	26.3	750.9	
24.12.2021 18:35:46	481	10.3	0.000	0.238	11.086	0.000	54	5	3	0	26.3	750.9	
24.12.2021 18:35:47	482	10.3	0.000	0.238	11.086	0.000	54	5	3	0	26.3	750.9	
24.12.2021 18:35:49	484	10.3	0.000	0.238	11.086	0.000	54	5	3	0	26.4	751.1	
24.12.2021 18:35:51	486	10.3	0.000	0.238	11.086	0.000	54	5	3	0	26.4	751.1	
24.12.2021 18:35:52	487	10.3	0.000	0.238	11.106	0.000	55	5	3	0	26.4	751.2	
24.12.2021 18:35:53	488	10.3	0.000	0.238	11.106	0.000	55	5	3	0	26.4	751.3	
24.12.2021 18:35:55	490	10.3	0.000	0.238	11.137	0.000	55	5	3	0	26.4	751.4	
24.12.2021 18:35:57	492	10.3	0.000	0.238	11.137	0.000	54	5	3	0	26.4	751.6	
24.12.2021 18:35:58	493	10.3	0.000	0.238	11.137	0.000	54	5	3	0	26.3	751.6	
24.12.2021 18:35:59	494	10.3	0.000	0.238	11.177	0.000	54	5	3	0	26.4	751.5	
24.12.2021 18:36:01	496	10.3	0.000	0.238	11.177	0.000	54	5	3	0	26.3	751.3	
24.12.2021 18:36:02	497	10.3	0.000	0.238	11.177	0.000	54	5	3	0	26.3	751.3	
24.12.2021 18:36:03	498	10.3	0.000	0.238	11.177	0.000	54	5	3	0	26.3	751.3	
24.12.2021 18:36:05	500	10.3	0.000	0.238	11.207	0.000	53	5	3	0	26.5	751.1	
24.12.2021 18:36:06	501	10.3	0.000	0.238	11.207	0.000	53	5	3	0	26.5	751.1	
24.12.2021 18:36:08	503	10.3	0.000	0.238	11.227	0.000	53	5	3	0	26.3	750.7	
24.12.2021 18:36:10	505	10.4	0.000	0.238	11.247	0.000	54	5	3	0	26.2	751.1	
24.12.2021 18:36:11	506	10.4	0.000	0.238	11.247	0.000	54	4	3	0	26.2	751.1	
24.12.2021 18:36:13	508	11.2	0.000	0.238	11.247	0.000	55	4	3	0	26.4	750.9	
24.12.2021 18:36:14	509	11.2	0.000	0.238	11.247	0.000	55	4	3	0	26.4	750.9	
24.12.2021 18:36:15	510	11.7	0.000	0.238	11.117	0.000	55	4	3	3	26.4	751.2	
24.12.2021 18:36:17	512	12.5	0.000	0.227	11.117	0.000	56	4	3	3	26.5	751.1	
24.12.2021 18:36:18	513	12.5	0.000	0.227	11.117	0.000	56	4	3	3	26.5	751.1	
24.12.2021 18:36:20	515	12.5	0.000	0.227	11.117	0.000	56	3	3	2	26.5	751.1	
24.12.2021 18:36:21	516	14.6	0.000	0.205	10.564	0.000	57	3	3	2	26.4	751.1	
24.12.2021 18:36:22	517	15.1	0.000	0.205	9.439	0.000	57	3	3	2	26.4	751.2	
24.12.2021 18:36:23	518	15.7	0.000	0.205	9.439	0.000	57	2	2	0	26.4	750.9	
24.12.2021 18:36:24	519	16.1	0.000	0.205	9.439	0.000	58	2	2	0	26.5	751.3	
24.12.2021 18:36:26	521	17.0	0.000	0.162	7.792	0.000	58	2	2	0	26.4	751.3	
24.12.2021 18:36:27	522	17.0	0.000	0.162	7.792	0.000	58	1	2	0	26.4	751.3	
24.12.2021 18:36:28	523	17.0	0.000	0.162	7.792	0.000	58	1	2	0	26.4	751.3	
24.12.2021 18:36:30	525	17.9	0.000	0.119	7.792	0.000	57	1	2	0	26.3	750.5	
24.12.2021 18:36:31	526	17.9	0.000	0.119	7.792	0.000	57	1	2	0	26.3	750.5	
24.12.2021 18:36:32	527	17.9	0.000	0.119	7.792	0.000	57	0	2	0	26.3	750.5	
24.12.2021 18:36:33	528	18.9	0.000	0.076	5.914	0.000	57	0	2	0	26.4	750.9	
24.12.2021 18:36:35	530	19.1	0.000	0.076	4.196	0.000	57	0	2	0	26.3	750.7	
24.12.2021 18:36:36	531	19.1	0.000	0.076	4.196	0.000	57	0	2	0	26.3	750.7	
24.12.2021 18:36:37	532	19.5	0.000	0.054	4.196	0.000	58	0	2	0	26.4	751.2	
24.12.2021 18:36:38	533	19.6	0.000	0.054	2.860	0.000	58	0	2	0	26.4	751.1	
24.12.2021 18:36:40	535	19.8	0.000	0.054	2.860	0.000	57	0	2	0	26.4	751.3	
24.12.2021 18:36:41	536	19.9	0.000	0.043	2.860	0.000	57	0	2	0	26.4	751.4	
24.12.2021 18:36:42	537	20.0	0.000	0.043	1.906	0.000	57	0	2	0	26.4	751.2	
24.12.2021 18:36:43	538	20.0	0.000	0.043	1.906	0.000	57	0	2	0	26.4	751.1	
24.12.2021 18:36:45	540	20.1	0.000	0.043	1.906	0.000	57	0	2	0	26.3	751.3	
24.12.2021 18:36:46	541	20.1	0.000	0.043	1.906	0.000	57	0	2	0	26.3	751.3	
24.12.2021 18:36:47	542	20.1	0.000	0.043	1.906	0.000	57	0	2	0	26.3	751.3	
24.12.2021 18:36:48	543	20.1	0.000	0.043	1.906	0.000	57	0	2	0	26.3	751.3	
24.12.2021 18:36:49	544	20.1	0.000	0.043	1.906	0.000	57	0	2	0	26.3	751.3	
24.12.2021 18:36:51	546	20.2	0.000	0.011	0.882	0.000	55	0	2	0	26.5	751.7	
24.12.2021 18:36:52	547	20.2	0.000	0.011	0.882	0.000	55	0	3	0	26.5	751.7	
24.12.2021 18:36:54	549	19.8	0.000	0.011	0.701	0.000	54	0	3	0	26.5	751.5	
24.12.2021 18:36:56	551	19.6	0.000	0.011	0.701	0.000	54	0	3	0	26.4	751.3	
24.12.2021 18:36:58	553	18.3	0.000	0.011	0.832	0.000	54	0	3	0	26.5	751.2	
24.12.2021 18:37:00	555	17.9	0.000	0.011	0.832	0.000	56	0	3	0	26.4	751.1	
24.12.2021 18:37:02	557	17.4	0.000	0.022	0.832	0.000	56	0	3	0	26.3	751.1	
24.12.2021 18:37:03	558	17.4	0.000	0.022	0.832	0.000	56	0	3	0	26.3	751.1	
24.12.2021 18:37:04	559	17.4	0.000	0.022	0.832	0.000	56	0	3	0	26.3	751.1	
24.12.2021 18:37:05	560	15.4	0.000	0.043	1.374	0.000	56	0	3	0	26.3	751.0	
24.12.2021 18:37:06	561	14.8	0.000	0.043	2.499	0.000	56	0	3	0	26.4	751.2	
24.12.2021 18:37:07	562	14.3	0.000	0.043	2.499	0.000	56	0	3	0	26.4	751.1	
24.12.2021 18:37:09	564	13.3	0.000	0.086	2.499	0.000	56	0	3	0	26.5	751.4	
24.12.2021 18:37:10	565	13.3	0.000	0.086	2.499	0.000	56	0	3	0	26.5	751.4	
24.12.2021 18:37:11	566	13.3	0.000	0.086	2.499	0.000	56	0	3	0	26.5	751.4	
24.12.2021 18:37:13	568	12.2	0.000	0.086	4.277	0.000	56	0	3	0	26.3	751.1	
24.12.2021 18:37:15	570	12.2	0.000	0.086	4.277	0.000	56	0	3	0	26.3	751.1	
24.12.2021 18:37:17	572	10.4	0.000	0.259	6.356	0.000	55	0	4	0	26.3	751.2	
24.12.2021 18:37:18	573	10.2	0.000	0.259	8.294	0.000	55	0	4	0	26.3	750.9	
24.12.2021 18:37:19	574	10.2	0.000	0.259	8.294	0.000	55	0	4	0	26.3	750.9	
24.12.2021 18:37:21	576	10.2	0.000	0.259	8.294	0.000	55	1	4	0	26.3	750.9	
24.12.2021 18:37:22	577	10.2	0.000	0.259	8.294	0.000	55	1	4	0	26.3	750.9	
24.12.2021 18:37:24	579	9.3	0.000	0.367	9.871	0.000	58	1	4	0	26.4	751.3	
24.12.2021 18:37:25	580	9.1	0.000	0.454	9.871	0.000	58	1	4	0	26.5	751.3	
24.12.2021 18:37:27	582	9.1	0.000	0.454	9.871	0.000	58	1	4	0	26.5	751.3	
24.12.2021 18:37:28	583	9.1	0.000	0.454	9.871	0.000	58	1	4	0	26.5	751.3	
24.12.2021 18:37:29	584	9.1	0.000	0.454	9.871	0.000	58	1	4	0	26.5	751.3	
24.12.2021 18:37:30	585	9.1	0.000	0.454	9.871	0.000	58	1	4	0	26.5	751.3	
24.12.2021 18:37:32	587	8.6	0.000	0.508	11.799	0.000	60	0	4	0	26.4	751.4	
24.12.2021 18:37:33	588	8.6	0.000	0.508	11.799	0.000	60	0	4	0	26.4	751.4	
24.12.2021 18:37:35	590	8.5	0.000	0.551	12.262	0.000	60	0	3	0	26.4	751.3	
24.12.2021 18:37:36	591	8.4	0.000	0.551	12.262	0.000	61	0	3	0	26.4	751.6	
24.12.2021 18:37:38	593	8.4	0.000	0.584	12.262	0.000	61	1	3	0	26.3	751.4	
24.12.2021 18:37:39	594	8.3	0.000	0.584	12.563	0.000	61	1	3	0	26.4	751.6	
24.12.2021 18:37:41	596	8.3	0.000	0.605	12.563	0.000	63	1	3	0	26.3	751.8	
24.12.2021 18:37:42	597	8.3	0.000	0.605	12.784	0.000	63	1	3	0	26.2	751.8	
24.12.2021 18:37:43	598	8.3	0.000	0.605	12.784	0.000	63	1	3	0	26.2	751.9	
24.12.2021 18:37:45	600	8.4	0.000	0.616	12.784	0.000	64	1	3	0	26.4	751.4	
24.12.2021 18:37:47	602	8.4	0.000	0.616	12.884	0.000	64	0	3	0	26.3	751.6	
24.12.2021 18:37:48	603	8.4	0.000	0.616	12.884	0.000	64	0	3	0	26.5	751.6	
24.12.2021 18:37:49	604	8.4	0.000	0.627	12.884	0.000	64	1	3	0	26.5	751.1	
24.12.2021 18:37:50	605	8.4	0.000	0.627	12.944	0.000	64	1	3	0	26.5	751.1	
24.12.2021 18:37:52	607	8.4	0.000	0.627	12.944	0.000	64	1	3	0	26.5	751.1	
24.12.2021 18:37:53	608	8.4	0.000	0.616	12.944	0.000	64	1	3	0	26.5	751.0	
24.12.2021 18:37:54	609	8.3	0.000	0.616	12.975	0.000	64	0	3	0	26.5	751.4	
24.12.2021 18:37:56	611	8.3	0.000	0.616	12.975	0.000	65	0	3	0	26.4	751.4	
24.12.2021 18:37:57	612	8.3	0.000	0.616	12.975	0.000	65	0	3	0	26.4	751.4	
24.12.2021 18:37:59	614	8.3	0.000	0.605	12.975	0.000	65	0	3	0	26.3	751.3	
24.12.2021 18:38:00	615	8.3	0.000	0.605	12.975	0.000	65	0	3	0	26.4	751.6	
24.12.2021 18:38:01	616	8.3	0.000	0.605	12.975	0.000	65	0	3	0	26.4	751.5	
24.12.2021 18:38:02	617	8.3	0.000	0.605	13.005	0.000	65	0	3	0	26.5	751.5	
24.12.2021 18:38:04	619	8.2	0.000	0.605	13.005	0.000	65	0	3	0	26.4	751.3	
24.12.2021 18:38:05	620	8.2	0.000	0.605	13.005	0.000	65	0	3	0	26.4	751.3	
24.12.2021 18:38:06	621	8.2	0.000	0.594	13.045	0.000	64	0	3	0	26.2	751.6	
24.12.2021 18:38:08	623	8.2	0.000	0.594	13.045	0.000	63	0	3	0	26.4	751.3	
24.12.2021 18:38:09	624	8.2	0.000	0.605	13.095	0.000	63	0	3	0	26.4	751.6	
24.12.2021 18:38:11	626	8.2	0.000	0.605	13.095	0.000	63	0	3	0	26.4	751.6	
24.12.2021 18:38:12	627	8.2	0.000	0.605	13.095	0.000	63	0	3	0	26.4	751.6	
24.12.2021 18:38:13	628	8.2	0.000	0.605	13.095	0.000	63	0	3	0	26.4	751.6	
24.12.2021 18:38:15	630	8.2	0.000	0.605	13.155	0.000	63	1	3	0	26.3	751.0	
24.12.2021 18:38:16	631	8.1	0.000	0.605	13.155	0.000	63	1	3	0	26.6	751.3	
24.12.2021 18:38:18	633	8.1	0.000	0.605	13.206	0.000	63	0	3	0	26.6	751.3	
24.12.2021 18:38:19	634	8.1	0.000	0.605	13.206	0.000	63	0	3	0	26.6	751.3	
24.12.2021 18:38:21	636	8.0	0.000	0.605	13.206	0.000	65	0	3	0	26.4	751.3	
24.12.2021 18:38:22	637	8.0	0.000	0.605	13.276	0.000	65	0	3	0	26.4	751.1	
24.12.2021 18:38:23	638	8.0	0.000	0.605	13.276	0.000	65	0	3	0	26.4	751.2	
24.12.2021 18:38:25	640	8.0	0.000	0.605	13.276	0.000	65	0	3	0	26.4	751.2	
24.12.2021 18:38:26	641	8.0	0.004	0.616	13.336	0.000	66	1	3	0	26.4	751.2	
24.12.2021 18:38:27	642	8.1	0.001	0.616	13.336	0.000	66	1	3	0	26.4	751.1	
24.12.2021 18:38:29	644	8.4	0.000	0.627	13.336	0.000	67	1	3	0	26.4	751.3	
24.12.2021 18:38:31	646	8.4	0.000	0.627	13.336	0.000	67	0	3	0	26.4	751.3	
24.12.2021 18:38:32	647	9.2	0.000	0.627	13.306	0.000	67	0	3	0	26.4	751.3	
24.12.2021 18:38:34	649	10.4	0.000	0.627	12.944	0.000	67	0	3	0	26.4	751.2	
24.12.2021 18:38:36	651	12.0	0.000	0.584	12.944	0.000	65	0	3	0	26.3	751.2	
24.12.2021 18:38:37	652	12.0	0.000	0.584	12.944	0.000	65	0	3	0	26.3	751.2	
24.12.2021 18:38:38	653	12.0	0.000	0.584	12.944	0.000	65	0	3	0	26.3	751.2	
24.12.2021 18:38:39	654	12.0	0.000	0.584	12.944	0.000	65	0	3	0	26.3	751.2	
24.12.2021 18:38:41	656	14.4	0.000	0.486	11.930	0.000	64	0	3	0	26.2	751.4	
24.12.2021 18:38:42	657	15.1	0.000	0.486	10.203	0.000	64	0	3	0	26.3	751.5	
24.12.2021 18:38:43	658	15.6	0.000	0.486	10.203	0.000	64	0	3	0	26.3	751.3	
24.12.2021 18:38:44	659	16.0	0.000	0.486	10.203	0.000	61	0	3	0	26.4	751.3	
24.12.2021 18:38:45	660	16.6	0.000	0.367	10.203	0.000	61	0	3	0	26.3	751.3	
24.12.2021 18:38:46	661	16.6	0.000	0.367	10.203	0.000	61	0	3	0	26.3	751.3	
24.12.2021 18:38:47	662	16.6	0.000	0.367	10.203	0.000	61	0	3	0	26.3	751.3	
24.12.2021 18:38:49	664	18.0	0.000	0.259	8.033	0.000	58	0	3	0	26.5	751.6	
24.12.2021 18:38:50	665	18.0	0.000	0.259	8.033	0.000	58	0	3	0	26.5	751.6	
24.12.2021 18:38:52	667	18.7	0.000	0.259	5.854	0.000	58	0	2	0	26.3	751.3	
24.12.2021 18:38:53	668	18.7	0.000	0.259	5.854	0.000	58	0	2	0	26.3	751.3	
24.12.2021 18:38:54	669	19.2	0.001	0.162	4.046	0.000	58	0	2	0	26.5	751.6	
24.12.2021 18:38:55	670	19.2	0.001	0.162	4.046	0.000	58	0	3	0	26.5	751.6	
24.12.2021 18:38:56	671	19.2	0.001	0.162	4.046	0.000	58	0	3	0	26.5	751.6	
24.12.2021 18:38:58	673	19.6	0.000	0.097	2.720	0.000	58	0	3	0	26.3	750.8	
24.12.2021 18:39:00	675	19.8	0.000	0.097	2.720	0.000	59	0	3	0	26.4	750.9	
24.12.2021 18:39:01	676	19.9	0.000	0.065	2.720	0.000	59	0	3	0	26.4	751.0	
24.12.2021 18:39:02	677	20.0	0.000	0.065	1.826	0.000	59	0	3	0	26.5	751.2	
24.12.2021 18:39:04	679	20.1	0.000	0.043	1.826	0.000	61	0	3	0	26.3	751.5	
24.12.2021 18:39:05	680	20.1	0.000	0.043	1.826	0.000	61	0	3	0	26.3	751.5	
24.12.2021 18:39:07	682	20.2	0.000	0.043	1.233	0.000	61	0	3	0	26.3	751.5	
24.12.2021 18:39:08	683	20.2	0.000	0.043	1.233	0.000	61	0	3	0	26.3	751.5	
24.12.2021 18:39:10	685	20.2	0.000	0.032	0.882	0.000	61	0	3	0	26.5	751.6	
24.12.2021 18:39:12	687	20.1	0.000	0.032	0.882	0.000	61	0	3	0	26.4	751.4	
24.12.2021 18:39:13	688	19.6	0.000	0.022	0.761	0.000	63	0	3	0	26.3	751.3	
24.12.2021 18:39:14	689	19.3	0.000	0.022	0.761	0.000	63	0	3	0	26.3	751.3	
24.12.2021 18:39:15	690	19.3	0.000	0.022	0.761	0.000	63	0	3	0	26.3	751.3	
24.12.2021 18:39:16	691	18.9	0.000	0.022	0.761	0.000	64	0	3	0	26.3	751.6	
24.12.2021 18:39:18	693	18.5	0.000	0.022	0.761	0.000	64	0	3	0	26.3	751.4	
24.12.2021 18:39:19	694	17.1	0.000	0.022	1.012	0.000	65	0	3	0	26.5	751.5	
24.12.2021 18:39:20	695	17.1	0.000	0.022	1.012	0.000	65	0	3	0	26.5	751.5	
24.12.2021 18:39:21	696	17.1	0.000	0.022	1.012	0.000	65	0	3	0	26.5	751.5	
24.12.2021 18:39:23	698	15.1	0.000	0.054	1.766	0.000	65	0	3	0	26.3	751.4	
24.12.2021 18:39:24	699	15.1	0.000	0.054	1.766	0.000	65	0	3	0	26.3	751.4	
24.12.2021 18:39:26	701	15.1	0.000	0.054	1.766	0.000	65	0	3	0	26.3	751.4	
24.12.2021 18:39:27	702	12.6	0.000	0.108	3.232	0.000	65	0	4	0	26.5	751.4	
24.12.2021 18:39:29	704	12.6	0.000	0.108	3.232	0.000	65	0	4	0	26.5	751.4	
24.12.2021 18:39:30	705	12.6	0.000	0.108	3.232	0.000	65	0	4	0	26.5	751.4	
24.12.2021 18:39:32	707	9.8	0.019	0.497	5.422	0.000	68	0	4	0	26.5	751.3	
24.12.2021 18:39:33	708	9.3	0.025	0.497	7.832	0.000	68	0	4	0	26.4	751.0	
24.12.2021 18:39:35	710	8.8	0.029	0.497	7.832	0.000	68	0	4	0	26.4	751.2	
24.12.2021 18:39:36	711	8.8	0.029	0.497	7.832	0.000	68	0	4	1	26.4	751.2	
24.12.2021 18:39:37	712	7.9	0.041	0.811	10.022	0.000	70	0	4	1	26.5	750.8	
24.12.2021 18:39:38	713	7.6	0.055	0.811	10.022	0.000	70	0	4	1	26.5	751.0	
24.12.2021 18:39:39	714	7.3	0.060	0.811	10.022	0.000	73	0	4	0	26.4	751.1	
24.12.2021 18:39:41	716	7.3	0.060	0.811	10.022	0.000	73	0	4	0	26.4	751.1	
24.12.2021 18:39:42	717	6.8	0.043	1.167	11.779	0.000	73	0	4	0	26.6	751.2	
24.12.2021 18:39:44	719	6.3	0.058	1.481	11.779	0.000	76	0	4	0	26.4	751.0	
24.12.2021 18:39:45	720	6.3	0.058	1.481	11.779	0.000	76	0	4	0	26.4	751.0	
24.12.2021 18:39:46	721	6.3	0.058	1.481	11.779	0.000	76	0	4	0	26.4	751.0	
24.12.2021 18:39:48	723	5.9	0.052	1.718	13.085	0.000	79	0	4	0	26.3	751.1	
24.12.2021 18:39:49	724	5.9	0.058	1.718	13.969	0.000	79	0	4	0	26.4	751.3	
24.12.2021 18:39:50	725	5.9	0.058	1.718	13.969	0.000	79	0	4	0	26.4	751.3	
24.12.2021 18:39:51	726	5.9	0.058	1.718	13.969	0.000	79	0	4	0	26.4	751.3	
24.12.2021 18:39:52	727	5.7	0.084	1.718	13.969	0.000	81	0	4	0	26.4	751.1	
24.12.2021 18:39:54	729	5.7	0.094	1.859	14.521	0.000	81	0	4	0	26.6	751.5	
24.12.2021 18:39:55	730	5.7	0.094	1.859	14.521	0.000	81	0	4	0	26.6	751.5	
24.12.2021 18:39:56	731	5.7	0.094	1.859	14.521	0.000	81	0	4	0	26.6	751.5	
24.12.2021 18:39:57	732	5.6	0.095	1.924	14.863	0.000	82	0	4	0	26.3	751.6	
24.12.2021 18:39:58	733	5.6	0.097	1.924	14.863	0.000	82	0	4	0	26.3	751.7	
24.12.2021 18:40:00	735	5.6	0.097	1.924	14.863	0.000	81	0	4	0	26.3	751.6	
24.12.2021 18:40:01	736	5.6	0.097	1.924	14.863	0.000	81	0	4	0	26.3	751.6	
24.12.2021 18:40:03	738	5.5	0.097	1.924	15.054	0.000	80	0	4	0	26.4	751.6	
24.12.2021 18:40:04	739	5.5	0.097	1.924	15.054	0.000	80	0	4	0	26.4	751.6	
24.12.2021 18:40:05	740	5.5	0.097	1.924	15.054	0.000	80	0	4	0	26.4	751.6	
24.12.2021 18:40:07	742	5.5	0.098	1.902	15.164	0.000	80	0	4	0	26.5	751.8	
24.12.2021 18:40:09	744	5.5	0.098	1.902	15.214	0.000	78	0	4	0	26.5	751.6	
24.12.2021 18:40:10	745	5.5	0.098	1.902	15.214	0.000	78	0	4	0	26.5	751.6	
24.12.2021 18:40:11	746	5.5	0.098	1.902	15.214	0.000	78	0	4	0	26.5	751.6	
24.12.2021 18:40:12	747	5.5	0.098	1.902	15.214	0.000	78	0	4	0	26.5	751.6	
24.12.2021 18:40:13	748	5.5	0.098	1.902	15.214	0.000	78	0	4	0	26.5	751.6	
24.12.2021 18:40:14	749	5.5	0.098	1.902	15.214	0.000	78	0	4	0	26.5	751.6	
24.12.2021 18:40:15	750	5.5	0.098	1.902	15.214	0.000	78	0	4	0	26.5	751.6	
24.12.2021 18:40:17	752	5.4	0.134	1.891	15.255	0.000	74	0	4	0	26.3	751.1	
24.12.2021 18:40:18	753	5.4	0.134	1.891	15.255	0.000	74	0	4	0	26.3	751.1	
24.12.2021 18:40:20	755	5.4	0.141	1.891	15.295	0.000	73	0	4	0	26.5	751.3	
24.12.2021 18:40:21	756	5.4	0.141	1.891	15.295	0.000	73	0	4	0	26.5	751.3	
24.12.2021 18:40:22	757	5.4	0.141	1.891	15.295	0.000	73	0	4	0	26.5	751.3	
24.12.2021 18:40:23	758	5.4	0.156	1.891	15.305	0.000	73	0	4	0	26.4	751.1	
24.12.2021 18:40:24	759	5.4	0.156	1.891	15.305	0.000	73	0	4	0	26.4	751.1	
24.12.2021 18:40:25	760	5.4	0.156	1.891	15.305	0.000	73	0	4	0	26.4	751.1	
24.12.2021 18:40:26	761	5.4	0.156	1.891	15.305	0.000	73	0	4	0	26.4	751.1	
24.12.2021 18:40:27	762	5.3	0.159	1.902	15.335	0.000	73	0	4	0	26.3	751.5	
24.12.2021 18:40:28	763	5.2	0.157	1.924	15.335	0.000	73	0	4	0	26.3	751.2	
24.12.2021 18:40:29	764	5.2	0.157	1.924	15.375	0.000	73	0	4	0	26.4	751.3	
24.12.2021 18:40:30	765	5.2	0.157	1.924	15.375	0.000	73	0	4	0	26.4	751.3	
24.12.2021 18:40:32	767	5.2	0.157	1.924	15.375	0.000	72	0	4	0	26.5	751.1	
24.12.2021 18:40:34	769	5.2	0.157	1.924	15.375	0.000	72	0	4	0	26.5	751.1	
24.12.2021 18:40:36	771	5.1	0.152	1.988	15.425	0.000	73	0	4	0	26.5	751.2	
24.12.2021 18:40:37	772	5.1	0.152	1.988	15.496	0.000	73	0	4	0	26.4	751.2	
24.12.2021 18:40:39	774	5.1	0.152	1.988	15.496	0.000	73	0	4	0	26.4	751.2	
24.12.2021 18:40:40	775	5.1	0.152	1.988	15.496	0.000	72	0	4	0	26.3	751.7	
24.12.2021 18:40:41	776	5.1	0.149	2.021	15.496	0.000	72	0	4	0	26.3	751.4	
24.12.2021 18:40:42	777	5.1	0.149	2.021	15.546	0.000	72	0	4	0	26.4	751.6	
24.12.2021 18:40:43	778	5.1	0.149	2.021	15.546	0.000	72	0	4	0	26.4	751.6	
24.12.2021 18:40:45	780	5.4	0.147	2.042	15.586	0.000	73	0	4	0	26.6	751.4	
24.12.2021 18:40:46	781	5.6	0.147	2.042	15.586	0.000	73	0	4	0	26.5	751.0	
24.12.2021 18:40:47	782	5.6	0.147	2.042	15.586	0.000	73	0	4	0	26.5	751.0	
24.12.2021 18:40:49	784	6.6	0.149	2.021	15.586	0.000	74	0	4	0	26.7	751.3	
24.12.2021 18:40:50	785	7.1	0.149	2.021	15.425	0.000	74	0	4	0	26.5	751.1	
24.12.2021 18:40:51	786	7.9	0.143	2.021	15.425	0.000	75	0	4	0	26.7	751.1	
24.12.2021 18:40:52	787	8.6	0.149	1.891	15.425	0.000	75	0	4	0	26.5	751.2	
24.12.2021 18:40:53	788	9.4	0.134	1.891	14.692	0.000	75	0	4	0	26.7	751.5	
24.12.2021 18:40:54	789	9.4	0.134	1.891	14.692	0.000	75	0	4	0	26.7	751.5	
24.12.2021 18:40:56	791	11.5	0.108	1.891	14.692	0.000	75	0	4	0	26.5	751.4	
24.12.2021 18:40:57	792	12.2	0.118	1.632	14.692	0.000	75	0	4	0	26.7	751.8	
24.12.2021 18:40:58	793	12.2	0.118	1.632	14.692	0.000	75	0	4	0	26.7	751.8	
24.12.2021 18:40:59	794	14.1	0.081	1.632	13.135	0.000	74	0	4	0	26.4	751.2	
24.12.2021 18:41:00	795	14.7	0.102	1.275	13.135	0.000	74	0	4	0	26.4	751.3	
24.12.2021 18:41:01	796	14.7	0.102	1.275	13.135	0.000	74	0	4	0	26.4	751.3	
24.12.2021 18:41:03	798	16.1	0.093	1.275	10.855	0.000	69	0	3	0	26.4	750.9	
24.12.2021 18:41:04	799	16.6	0.117	0.897	10.855	0.000	69	0	3	0	26.4	751.4	
24.12.2021 18:41:05	800	17.0	0.098	0.897	8.234	0.000	69	0	3	0	26.2	751.4	
24.12.2021 18:41:07	802	17.0	0.098	0.897	8.234	0.000	69	0	3	0	26.2	751.4	
24.12.2021 18:41:08	803	18.0	0.096	0.584	8.234	0.000	65	0	3	0	26.4	751.6	
24.12.2021 18:41:10	805	18.6	0.090	0.584	5.833	0.000	65	0	3	0	26.3	751.1	
24.12.2021 18:41:11	806	18.6	0.090	0.584	5.833	0.000	65	0	3	0	26.3	751.1	
24.12.2021 18:41:13	808	19.1	0.073	0.357	3.965	0.000	62	0	3	0	26.5	751.0	
24.12.2021 18:41:14	809	19.3	0.061	0.357	3.965	0.000	62	0	3	0	26.5	751.1	
24.12.2021 18:41:16	811	19.6	0.062	0.216	3.965	0.000	60	0	3	0	26.4	751.0	
24.12.2021 18:41:17	812	19.7	0.059	0.216	2.650	0.000	60	0	3	0	26.4	751.4	
24.12.2021 18:41:18	813	19.7	0.058	0.216	2.650	0.000	60	0	3	0	26.2	751.4	
24.12.2021 18:41:19	814	19.7	0.058	0.216	2.650	0.000	60	0	3	0	26.2	751.4	
24.12.2021 18:41:20	815	19.8	0.058	0.216	2.650	0.000	62	0	3	0	26.3	751.6	
24.12.2021 18:41:22	817	20.0	0.062	0.151	1.786	0.000	62	0	3	0	26.5	751.7	
24.12.2021 18:41:24	819	20.1	0.026	0.086	1.786	0.000	62	0	3	0	26.5	751.3	
24.12.2021 18:41:25	820	20.1	0.018	0.086	1.233	0.000	62	0	3	0	26.4	751.6	
24.12.2021 18:41:26	821	20.2	0.013	0.086	1.233	0.000	62	0	3	0	26.3	751.4	
24.12.2021 18:41:27	822	20.2	0.013	0.086	1.233	0.000	62	0	3	0	26.3	751.4	
24.12.2021 18:41:28	823	20.2	0.011	0.086	1.233	0.000	63	0	3	0	26.3	751.4	
24.12.2021 18:41:30	825	20.1	0.012	0.054	1.233	0.000	63	0	3	0	26.3	751.3	
24.12.2021 18:41:31	826	20.1	0.012	0.054	1.233	0.000	63	0	3	0	26.3	751.3	
24.12.2021 18:41:33	828	20.1	0.012	0.054	1.233	0.000	63	0	3	0	26.3	751.3	
24.12.2021 18:41:34	829	18.7	0.010	0.054	0.791	0.000	63	0	3	0	26.4	751.3	
24.12.2021 18:41:36	831	18.7	0.010	0.054	0.791	0.000	63	0	3	0	26.4	751.3	
24.12.2021 18:41:38	833	16.7	0.010	0.054	1.093	0.000	64	0	3	0	26.4	751.4	
24.12.2021 18:41:39	834	16.7	0.010	0.054	1.093	0.000	64	0	3	0	26.4	751.4	
24.12.2021 18:41:41	836	16.7	0.010	0.054	1.093	0.000	64	0	4	0	26.4	751.4	
24.12.2021 18:41:43	838	16.7	0.010	0.054	1.093	0.000	64	0	4	0	26.4	751.4	
24.12.2021 18:41:45	840	12.1	0.098	0.324	3.604	0.000	66	0	4	0	26.4	751.5	
24.12.2021 18:41:47	842	10.6	0.144	0.324	3.604	0.000	72	0	4	0	26.4	751.5	
24.12.2021 18:41:48	843	10.0	0.140	0.724	3.604	0.000	72	0	4	0	26.6	751.3	
24.12.2021 18:41:49	844	9.4	0.163	0.724	6.064	0.000	72	0	4	0	26.7	751.4	
24.12.2021 18:41:51	846	8.1	0.223	0.724	6.064	0.000	80	0	5	0	26.5	751.4	
24.12.2021 18:41:52	847	7.6	0.198	1.362	6.064	0.000	80	0	5	0	26.5	751.4	
24.12.2021 18:41:53	848	7.0	0.231	1.362	8.666	0.000	80	0	5	0	26.5	751.4	
24.12.2021 18:41:54	849	6.6	0.264	1.362	8.666	0.000	80	0	5	0	26.4	751.2	
24.12.2021 18:41:55	850	6.6	0.264	1.362	8.666	0.000	80	0	5	0	26.4	751.2	
24.12.2021 18:41:56	851	6.6	0.264	1.362	8.666	0.000	80	0	5	0	26.4	751.2	
24.12.2021 18:41:57	852	5.7	0.272	2.129	10.976	0.000	94	0	5	0	26.5	751.3	
24.12.2021 18:41:58	853	5.4	0.292	2.129	10.976	0.000	94	0	5	0	26.4	751.1	
24.12.2021 18:41:59	854	5.2	0.324	2.129	10.976	0.000	112	0	5	0	26.5	751.3	
24.12.2021 18:42:00	855	4.9	0.283	2.907	10.976	0.000	112	0	5	0	26.4	751.3	
24.12.2021 18:42:02	857	4.5	0.330	2.907	12.804	0.000	129	0	5	0	26.4	751.5	
24.12.2021 18:42:03	858	4.5	0.330	2.907	12.804	0.000	129	0	5	0	26.4	751.5	
24.12.2021 18:42:04	859	4.3	0.302	3.534	12.804	0.000	129	0	5	0	26.5	751.3	
24.12.2021 18:42:06	861	4.2	0.318	3.534	14.130	0.000	129	0	5	0	26.6	751.3	
24.12.2021 18:42:07	862	3.9	0.369	3.534	14.130	0.000	143	0	5	0	26.6	751.5	
24.12.2021 18:42:08	863	3.8	0.358	3.998	14.130	0.000	143	0	5	0	26.5	751.1	
24.12.2021 18:42:09	864	3.7	0.374	3.998	15.034	0.000	143	0	5	0	26.7	751.4	
24.12.2021 18:42:10	865	3.7	0.374	3.998	15.034	0.000	143	0	5	0	26.7	751.4	
24.12.2021 18:42:12	867	3.7	0.389	3.998	15.034	0.000	152	0	5	0	26.6	751.2	
24.12.2021 18:42:13	868	3.5	0.412	4.301	15.576	0.000	152	0	5	0	26.5	751.6	
24.12.2021 18:42:14	869	3.5	0.425	4.301	15.576	0.000	152	0	5	0	26.6	751.5	
24.12.2021 18:42:15	870	3.4	0.434	4.301	15.576	0.000	158	0	5	0	26.8	751.6	
24.12.2021 18:42:17	872	3.4	0.434	4.301	15.576	0.000	158	0	5	0	26.8	751.6	
24.12.2021 18:42:19	874	3.3	0.462	4.614	15.928	0.000	162	0	5	0	26.7	751.4	
24.12.2021 18:42:20	875	3.3	0.462	4.614	15.928	0.000	162	0	5	0	26.7	751.4	
24.12.2021 18:42:22	877	3.3	0.481	4.614	16.128	0.000	162	0	5	0	26.6	751.3	
24.12.2021 18:42:24	879	3.3	0.481	4.614	16.128	0.000	162	0	5	0	26.6	751.3	
24.12.2021 18:42:25	880	3.3	0.481	4.614	16.128	0.000	162	0	5	0	26.6	751.3	
24.12.2021 18:42:27	882	3.1	0.526	4.712	16.229	0.000	169	0	5	0	26.7	751.4	
24.12.2021 18:42:28	883	3.1	0.526	4.712	16.229	0.000	169	0	5	0	26.7	751.4	
24.12.2021 18:42:29	884	3.1	0.526	4.712	16.229	0.000	169	0	5	0	26.7	751.4	
24.12.2021 18:42:30	885	3.1	0.534	4.777	16.299	0.000	169	0	5	0	26.6	751.2	
24.12.2021 18:42:31	886	3.1	0.537	4.777	16.299	0.000	171	0	5	0	26.7	751.3	
24.12.2021 18:42:32	887	3.1	0.541	4.831	16.299	0.000	171	0	5	0	26.6	751.1	
24.12.2021 18:42:34	889	3.1	0.559	4.831	16.349	0.000	171	0	5	0	26.6	751.2	
24.12.2021 18:42:35	890	3.1	0.568	4.831	16.349	0.000	172	0	5	0	26.6	751.3	
24.12.2021 18:42:36	891	3.1	0.568	4.831	16.349	0.000	172	0	5	0	26.6	751.3	
24.12.2021 18:42:38	893	3.1	0.577	4.841	16.390	0.000	172	0	5	0	26.7	751.6	
24.12.2021 18:42:40	895	3.1	0.580	4.841	16.390	0.000	172	0	5	0	26.7	751.1	
24.12.2021 18:42:41	896	3.1	0.580	4.841	16.410	0.000	172	0	5	0	26.5	751.3	
24.12.2021 18:42:42	897	3.1	0.580	4.841	16.410	0.000	172	0	5	0	26.4	751.3	
24.12.2021 18:42:44	899	3.1	0.580	4.831	16.460	0.000	173	0	5	0	26.5	751.3	
24.12.2021 18:42:45	900	3.1	0.580	4.831	16.460	0.000	173	0	5	0	26.5	751.3	
24.12.2021 18:42:47	902	3.1	0.585	4.831	16.460	0.000	173	0	5	0	26.4	750.9	
24.12.2021 18:42:49	904	3.0	0.592	4.831	16.460	0.000	172	0	5	0	26.6	751.2	
24.12.2021 18:42:50	905	3.0	0.592	4.831	16.460	0.000	172	0	5	0	26.6	751.2	
24.12.2021 18:42:52	907	3.0	0.614	4.841	16.480	0.000	172	0	5	0	26.4	751.1	
24.12.2021 18:42:54	909	3.0	0.614	4.841	16.480	0.000	172	0	5	0	26.4	751.1	
24.12.2021 18:42:55	910	2.9	0.634	4.841	16.520	0.000	171	0	5	0	26.4	751.6	
24.12.2021 18:42:57	912	2.9	0.636	4.863	16.550	0.000	171	0	5	0	26.3	751.5	
24.12.2021 18:42:59	914	2.9	0.636	4.863	16.550	0.000	171	0	5	0	26.3	751.5	
24.12.2021 18:43:01	916	3.1	0.635	4.906	16.570	0.000	170	0	5	0	26.4	751.3	
24.12.2021 18:43:02	917	3.1	0.635	4.906	16.570	0.000	170	0	5	0	26.4	751.3	
24.12.2021 18:43:04	919	3.1	0.635	4.906	16.570	0.000	170	0	5	0	26.4	751.3	
24.12.2021 18:43:06	921	5.8	0.579	4.895	16.420	0.000	172	0	5	0	26.3	751.8	
24.12.2021 18:43:07	922	5.8	0.579	4.895	16.420	0.000	172	0	5	0	26.3	751.8	
24.12.2021 18:43:09	924	6.6	0.572	4.658	16.420	0.000	172	0	5	0	26.3	751.6	
24.12.2021 18:43:10	925	9.0	0.516	4.658	15.626	0.000	172	0	5	0	26.4	751.7	
24.12.2021 18:43:11	926	9.0	0.516	4.658	15.626	0.000	172	0	5	0	26.4	751.7	
24.12.2021 18:43:12	927	9.0	0.516	4.658	15.626	0.000	172	1	4	0	26.4	751.7	
24.12.2021 18:43:14	929	11.1	0.497	4.107	13.979	0.000	168	1	4	0	26.5	751.7	
24.12.2021 18:43:16	931	13.0	0.484	3.318	13.979	0.000	156	1	4	0	26.5	751.5	
24.12.2021 18:43:18	933	14.4	0.421	3.318	11.609	0.000	156	1	4	0	26.4	751.5	
24.12.2021 18:43:19	934	15.0	0.389	3.318	11.609	0.000	140	1	4	0	26.4	751.7	
24.12.2021 18:43:21	936	16.2	0.398	2.432	8.907	0.000	140	0	3	0	26.3	751.3	
24.12.2021 18:43:23	938	16.6	0.373	2.432	8.907	0.000	140	0	3	0	26.4	751.4	
24.12.2021 18:43:24	939	16.6	0.373	2.432	8.907	0.000	140	0	3	0	26.4	751.4	
24.12.2021 18:43:25	940	17.6	0.380	1.664	6.426	0.000	122	0	3	0	26.5	751.3	
24.12.2021 18:43:27	942	18.3	0.315	1.664	6.426	0.000	105	0	3	0	26.6	751.6	
24.12.2021 18:43:28	943	18.3	0.315	1.664	6.426	0.000	105	0	3	0	26.6	751.6	
24.12.2021 18:43:30	945	18.9	0.303	1.091	4.457	0.000	105	0	3	0	26.5	751.4	
24.12.2021 18:43:31	946	19.0	0.276	1.091	4.457	0.000	92	0	3	0	26.6	751.5	
24.12.2021 18:43:32	947	19.0	0.276	1.091	4.457	0.000	92	0	3	0	26.6	751.5	
24.12.2021 18:43:33	948	19.4	0.266	0.692	3.021	0.000	92	0	3	0	26.6	751.1	
24.12.2021 18:43:35	950	19.5	0.233	0.692	3.021	0.000	92	0	3	0	26.4	751.1	
24.12.2021 18:43:37	952	19.7	0.231	0.432	2.037	0.000	82	0	3	0	26.4	750.9	
24.12.2021 18:43:38	953	19.8	0.207	0.432	2.037	0.000	82	0	3	0	26.7	751.3	
24.12.2021 18:43:40	955	19.8	0.207	0.432	2.037	0.000	82	0	3	0	26.7	751.3	
24.12.2021 18:43:41	956	20.0	0.191	0.270	2.037	0.000	75	0	3	0	26.5	751.5	
24.12.2021 18:43:42	957	20.1	0.182	0.270	1.384	0.000	75	0	3	0	26.6	751.6	
24.12.2021 18:43:43	958	20.1	0.172	0.270	1.384	0.000	75	0	3	0	26.7	751.6	
24.12.2021 18:43:45	960	20.1	0.172	0.270	1.384	0.000	75	0	3	0	26.7	751.6	
24.12.2021 18:43:47	962	20.2	0.138	0.173	0.982	0.000	70	0	3	0	26.7	751.3	
24.12.2021 18:43:48	963	20.0	0.130	0.119	0.982	0.000	67	0	3	0	26.6	751.3	
24.12.2021 18:43:49	964	20.0	0.130	0.119	0.982	0.000	67	0	3	0	26.6	751.3	
24.12.2021 18:43:51	966	19.2	0.112	0.119	0.791	0.000	67	0	3	0	26.7	751.5	
24.12.2021 18:43:52	967	18.7	0.118	0.119	0.791	0.000	65	0	3	0	26.5	751.5	
24.12.2021 18:43:53	968	18.7	0.118	0.119	0.791	0.000	65	0	3	0	26.5	751.5	
24.12.2021 18:43:55	970	17.3	0.123	0.119	0.972	0.000	65	0	4	0	26.5	751.2	
24.12.2021 18:43:57	972	15.4	0.154	0.227	1.705	0.000	66	0	4	0	26.5	751.1	
24.12.2021 18:43:58	973	14.6	0.183	0.227	1.705	0.000	66	0	4	0	26.4	751.2	
24.12.2021 18:44:00	975	13.7	0.217	0.227	1.705	0.000	73	0	4	0	26.4	751.6	
24.12.2021 18:44:01	976	12.9	0.223	0.551	1.705	0.000	73	0	4	0	26.5	751.8	
24.12.2021 18:44:02	977	12.2	0.263	0.551	3.192	0.000	73	0	4	0	26.6	751.4	
24.12.2021 18:44:03	978	11.3	0.316	0.551	3.192	0.000	73	0	4	0	26.6	751.7	
24.12.2021 18:44:04	979	10.6	0.362	0.551	3.192	0.000	91	0	4	0	26.6	751.8	
24.12.2021 18:44:06	981	8.9	0.427	1.200	5.602	0.000	91	0	5	0	26.8	751.6	
24.12.2021 18:44:08	983	8.9	0.427	1.200	5.602	0.000	91	0	5	0	26.8	751.6	
24.12.2021 18:44:09	984	7.4	0.483	2.280	5.602	0.000	130	0	5	0	26.6	751.2	
24.12.2021 18:44:10	985	7.4	0.483	2.280	5.602	0.000	130	0	5	0	26.6	751.2	
24.12.2021 18:44:12	987	6.1	0.622	2.280	8.314	0.000	185	0	5	0	26.4	751.4	
24.12.2021 18:44:13	988	6.1	0.622	2.280	8.314	0.000	185	0	5	0	26.4	751.4	
24.12.2021 18:44:15	990	4.9	0.702	3.555	10.685	0.000	252	0	5	0	26.4	751.4	
24.12.2021 18:44:16	991	4.9	0.702	3.555	10.685	0.000	252	0	5	0	26.4	751.4	
24.12.2021 18:44:17	992	4.9	0.702	3.555	10.685	0.000	252	0	5	0	26.4	751.4	
24.12.2021 18:44:19	994	4.0	0.755	4.798	12.553	0.000	252	0	5	0	26.6	751.4	
24.12.2021 18:44:21	996	3.6	0.767	5.814	13.909	0.000	317	0	5	0	26.3	751.2	
24.12.2021 18:44:22	997	3.5	0.806	5.814	13.909	0.000	317	0	5	0	26.2	751.2	
24.12.2021 18:44:23	998	3.5	0.806	5.814	13.909	0.000	317	0	5	0	26.2	751.2	
24.12.2021 18:44:24	999	3.5	0.806	5.814	13.909	0.000	317	0	5	0	26.2	751.2	
24.12.2021 18:44:25	1000	3.2	0.837	6.560	13.909	0.000	369	0	5	0	26.4	751.4	
24.12.2021 18:44:26	1001	3.1	0.871	6.560	14.823	0.000	369	0	5	0	26.4	751.4	
24.12.2021 18:44:27	1002	3.1	0.871	6.560	14.823	0.000	369	0	5	0	26.4	751.4	
24.12.2021 18:44:29	1004	3.1	0.871	6.560	14.823	0.000	369	0	5	0	26.4	751.4	
24.12.2021 18:44:30	1005	2.8	0.954	7.057	15.425	0.000	405	3	5	0	26.4	751.4	
24.12.2021 18:44:32	1007	2.7	0.971	7.370	15.425	0.000	423	3	5	0	26.3	751.6	
24.12.2021 18:44:34	1009	2.6	1.002	7.370	15.787	0.000	423	7	5	0	26.4	751.8	
24.12.2021 18:44:36	1011	2.6	1.016	7.370	15.787	0.000	423	7	5	0	26.3	751.8	
24.12.2021 18:44:37	1012	2.6	1.016	7.370	15.787	0.000	423	7	5	0	26.3	751.8	
24.12.2021 18:44:38	1013	2.6	1.016	7.370	15.787	0.000	423	8	5	0	26.3	751.8	
24.12.2021 18:44:40	1015	2.5	1.112	7.575	16.008	0.000	453	8	5	0	26.3	751.5	
24.12.2021 18:44:41	1016	2.5	1.112	7.575	16.008	0.000	453	8	5	0	26.3	751.5	
24.12.2021 18:44:42	1017	2.5	1.112	7.575	16.008	0.000	453	8	5	0	26.3	751.5	
24.12.2021 18:44:43	1018	2.5	1.112	7.575	16.008	0.000	453	11	5	0	26.3	751.5	
24.12.2021 18:44:44	1019	2.4	1.155	7.705	16.148	0.000	462	11	5	0	26.5	751.6	
24.12.2021 18:44:46	1021	2.4	1.155	7.705	16.148	0.000	462	11	5	0	26.5	751.6	
24.12.2021 18:44:47	1022	2.4	1.172	7.792	16.219	0.000	462	13	4	0	26.3	751.6	
24.12.2021 18:44:48	1023	2.4	1.191	7.792	16.219	0.000	469	13	4	0	26.4	751.5	
24.12.2021 18:44:49	1024	2.4	1.202	7.856	16.219	0.000	469	13	4	0	26.4	751.7	
24.12.2021 18:44:50	1025	2.4	1.215	7.856	16.269	0.000	469	15	4	0	26.4	751.8	
24.12.2021 18:44:52	1027	2.4	1.230	7.856	16.269	0.000	474	15	4	0	26.3	751.7	
24.12.2021 18:44:54	1029	2.4	1.230	7.856	16.269	0.000	474	15	4	0	26.3	751.7	
24.12.2021 18:44:56	1031	2.4	1.236	7.900	16.309	0.000	478	16	4	0	26.4	751.2	
24.12.2021 18:44:58	1033	2.4	1.254	7.921	16.319	0.000	478	17	4	0	26.5	751.4	
24.12.2021 18:45:00	1035	2.4	1.280	7.921	16.319	0.000	480	17	4	0	26.3	751.3	
24.12.2021 18:45:01	1036	2.4	1.284	7.932	16.319	0.000	480	17	4	0	26.2	751.6	
24.12.2021 18:45:02	1037	2.4	1.287	7.932	16.319	0.000	480	19	4	0	26.3	751.8	
24.12.2021 18:45:03	1038	2.4	1.287	7.932	16.319	0.000	480	19	4	0	26.3	751.8	
24.12.2021 18:45:04	1039	2.4	1.287	7.932	16.319	0.000	480	19	4	0	26.3	751.8	
24.12.2021 18:45:06	1041	2.3	1.288	7.943	16.329	0.000	483	19	3	0	26.3	751.7	
24.12.2021 18:45:07	1042	2.3	1.288	7.943	16.329	0.000	483	19	3	0	26.3	751.8	
24.12.2021 18:45:09	1044	2.3	1.288	7.943	16.329	0.000	483	19	3	0	26.3	751.8	
24.12.2021 18:45:10	1045	2.3	1.289	7.954	16.339	0.000	484	21	3	0	26.5	751.8	
24.12.2021 18:45:11	1046	2.3	1.296	7.954	16.339	0.000	484	21	3	0	26.3	751.2	
24.12.2021 18:45:13	1048	2.3	1.290	7.954	16.339	0.000	482	21	3	0	26.4	751.1	
24.12.2021 18:45:15	1050	2.3	1.294	7.954	16.369	0.000	479	22	3	0	26.4	751.3	
24.12.2021 18:45:16	1051	2.2	1.292	7.943	16.369	0.000	479	22	3	0	26.5	751.4	
24.12.2021 18:45:17	1052	2.2	1.291	7.943	16.420	0.000	479	23	3	0	26.5	751.6	
24.12.2021 18:45:19	1054	2.3	1.290	7.943	16.420	0.000	473	23	3	0	26.4	751.5	
24.12.2021 18:45:20	1055	2.3	1.290	7.943	16.420	0.000	473	23	3	0	26.4	751.5	
24.12.2021 18:45:22	1057	2.6	1.284	7.921	16.470	0.000	473	24	3	0	26.4	751.4	
24.12.2021 18:45:23	1058	2.6	1.284	7.921	16.470	0.000	473	24	3	0	26.4	751.4	
24.12.2021 18:45:25	1060	3.8	1.235	7.781	16.470	0.000	465	24	3	0	26.3	751.5	
24.12.2021 18:45:26	1061	3.8	1.235	7.781	16.470	0.000	465	24	3	2	26.3	751.5	
24.12.2021 18:45:27	1062	3.8	1.235	7.781	16.470	0.000	465	24	3	2	26.3	751.5	
24.12.2021 18:45:28	1063	3.8	1.235	7.781	16.470	0.000	465	24	3	2	26.3	751.5	
24.12.2021 18:45:29	1064	3.8	1.235	7.781	16.470	0.000	465	24	3	2	26.3	751.5	
24.12.2021 18:45:31	1066	3.8	1.235	7.781	16.470	0.000	465	25	2	1	26.3	751.5	
24.12.2021 18:45:32	1067	3.8	1.235	7.781	16.470	0.000	465	25	2	1	26.3	751.5	
24.12.2021 18:45:33	1068	11.1	0.961	6.387	14.009	0.000	425	25	2	1	26.3	751.3	
24.12.2021 18:45:34	1069	12.0	0.905	6.387	14.009	0.000	425	25	2	0	26.4	751.1	
24.12.2021 18:45:36	1071	12.8	0.847	6.387	14.009	0.000	382	25	2	0	26.2	751.3	
24.12.2021 18:45:37	1072	13.7	0.889	5.090	14.009	0.000	382	25	2	0	26.4	751.3	
24.12.2021 18:45:38	1073	13.7	0.889	5.090	14.009	0.000	382	25	2	0	26.4	751.3	
24.12.2021 18:45:39	1074	15.4	0.743	5.090	11.558	0.000	323	24	1	0	26.4	751.6	
24.12.2021 18:45:41	1076	16.5	0.755	3.663	8.716	0.000	323	24	1	0	26.3	751.3	
24.12.2021 18:45:43	1078	17.5	0.647	3.663	8.716	0.000	261	22	1	0	26.7	751.6	
24.12.2021 18:45:44	1079	17.5	0.647	3.663	8.716	0.000	261	22	1	0	26.7	751.6	
24.12.2021 18:45:46	1081	18.2	0.640	2.442	6.105	0.000	261	19	1	0	26.4	751.6	
24.12.2021 18:45:47	1082	18.5	0.597	2.442	6.105	0.000	204	19	1	0	26.6	751.5	
24.12.2021 18:45:49	1084	18.8	0.618	1.535	6.105	0.000	204	19	1	0	26.6	751.5	
24.12.2021 18:45:50	1085	18.8	0.618	1.535	6.105	0.000	204	16	1	0	26.6	751.5	
24.12.2021 18:45:51	1086	19.2	0.535	1.535	4.096	0.000	160	16	1	0	26.6	751.5	
24.12.2021 18:45:53	1088	19.5	0.498	0.951	2.700	0.000	160	16	1	0	26.8	751.3	
24.12.2021 18:45:55	1090	19.6	0.464	0.951	2.700	0.000	160	13	1	0	26.5	751.2	
24.12.2021 18:45:56	1091	19.6	0.464	0.951	2.700	0.000	160	13	1	0	26.5	751.2	
24.12.2021 18:45:58	1093	19.9	0.408	0.584	1.796	0.000	132	12	1	0	26.5	751.3	
24.12.2021 18:45:59	1094	19.9	0.375	0.584	1.796	0.000	110	12	1	0	26.8	751.1	
24.12.2021 18:46:00	1095	19.9	0.375	0.584	1.796	0.000	110	12	1	0	26.8	751.1	
24.12.2021 18:46:02	1097	20.1	0.340	0.378	1.243	0.000	110	12	1	0	26.4	751.3	
24.12.2021 18:46:03	1098	20.1	0.317	0.378	1.243	0.000	100	9	1	0	26.7	751.3	
24.12.2021 18:46:04	1099	20.1	0.314	0.249	1.243	0.000	100	9	1	0	26.7	751.4	
24.12.2021 18:46:05	1100	20.1	0.299	0.249	0.892	0.000	100	9	1	0	26.6	751.4	
24.12.2021 18:46:07	1102	20.1	0.299	0.249	0.892	0.000	100	7	1	0	26.6	751.4	
24.12.2021 18:46:09	1104	19.5	0.249	0.184	0.741	0.000	92	7	1	0	26.5	751.4	
24.12.2021 18:46:11	1106	19.0	0.245	0.184	0.741	0.000	92	5	2	0	26.6	751.5	
24.12.2021 18:46:13	1108	18.0	0.259	0.205	0.741	0.000	88	5	2	0	26.7	751.5	
24.12.2021 18:46:14	1109	18.0	0.259	0.205	0.741	0.000	88	5	2	0	26.7	751.5	
24.12.2021 18:46:15	1110	16.2	0.312	0.205	0.942	0.000	92	4	2	0	26.6	752.0	
24.12.2021 18:46:17	1112	14.7	0.377	0.400	1.665	0.000	92	4	2	0	26.6	751.8	
24.12.2021 18:46:19	1114	14.7	0.377	0.400	1.665	0.000	92	3	2	0	26.6	751.8	
24.12.2021 18:46:20	1115	12.9	0.455	0.897	1.665	0.000	116	3	2	0	26.6	751.8	
24.12.2021 18:46:21	1116	12.9	0.455	0.897	1.665	0.000	116	3	2	0	26.6	751.8	
24.12.2021 18:46:23	1118	11.0	0.622	0.897	3.132	0.000	116	3	3	0	26.3	751.7	
24.12.2021 18:46:24	1119	10.4	0.690	0.897	3.132	0.000	175	3	3	0	26.3	751.4	
24.12.2021 18:46:25	1120	9.8	0.678	1.826	5.472	0.000	175	3	3	0	26.2	751.4	
24.12.2021 18:46:27	1122	9.1	0.759	1.826	5.472	0.000	175	3	3	0	26.3	751.7	
24.12.2021 18:46:28	1123	9.1	0.759	1.826	5.472	0.000	175	3	3	0	26.3	751.7	
24.12.2021 18:46:30	1125	7.3	0.925	3.156	8.123	0.000	272	3	3	0	26.4	751.7	
24.12.2021 18:46:32	1127	6.8	1.015	3.156	8.123	0.000	396	6	3	0	26.4	751.6	
24.12.2021 18:46:34	1129	6.0	1.043	4.550	10.484	0.000	396	6	3	0	26.3	751.3	
24.12.2021 18:46:35	1130	5.7	1.119	4.550	10.484	0.000	531	10	4	2	26.3	750.8	
24.12.2021 18:46:37	1132	5.3	1.133	5.749	12.352	0.000	531	10	4	2	26.4	751.4	
24.12.2021 18:46:38	1133	5.3	1.133	5.749	12.352	0.000	531	10	4	2	26.4	751.4	
24.12.2021 18:46:40	1135	4.8	1.272	5.749	12.352	0.000	645	16	3	3	26.3	751.4	
24.12.2021 18:46:41	1136	4.8	1.272	5.749	12.352	0.000	645	16	3	3	26.3	751.4	
24.12.2021 18:46:43	1138	4.5	1.309	6.679	13.698	0.000	645	16	3	3	26.3	750.9	
24.12.2021 18:46:44	1139	4.5	1.309	6.679	13.698	0.000	645	24	3	3	26.3	750.9	
24.12.2021 18:46:46	1141	4.2	1.395	7.349	14.602	0.000	735	24	3	3	26.4	751.7	
24.12.2021 18:46:47	1142	4.1	1.421	7.349	14.602	0.000	798	32	3	1	26.4	751.4	
24.12.2021 18:46:48	1143	4.1	1.428	7.792	14.602	0.000	798	32	3	1	26.4	751.3	
24.12.2021 18:46:50	1145	4.1	1.428	7.792	14.602	0.000	798	32	3	1	26.4	751.3	
24.12.2021 18:46:51	1146	4.0	1.501	7.792	15.174	0.026	840	40	3	3	26.4	751.4	
24.12.2021 18:46:52	1147	4.0	1.512	8.062	15.174	0.026	840	40	3	3	26.5	751.6	
24.12.2021 18:46:54	1149	3.9	1.558	8.062	15.516	0.104	840	40	3	3	26.5	751.3	
24.12.2021 18:46:55	1150	3.9	1.582	8.062	15.516	0.104	868	46	2	1	26.4	751.5	
24.12.2021 18:46:57	1152	3.9	1.595	8.213	15.516	0.104	868	46	2	1	26.3	751.3	
24.12.2021 18:46:58	1153	3.9	1.595	8.213	15.516	0.104	868	46	2	1	26.3	751.3	
24.12.2021 18:47:00	1155	3.9	1.663	8.310	15.727	0.194	886	52	2	0	26.6	751.9	
24.12.2021 18:47:02	1157	3.9	1.663	8.310	15.727	0.194	886	52	2	0	26.6	751.9	
24.12.2021 18:47:04	1159	3.9	1.704	8.354	15.837	0.272	898	58	1	0	26.7	751.3	
24.12.2021 18:47:05	1160	3.9	1.718	8.354	15.877	0.272	898	58	1	0	26.7	751.1	
24.12.2021 18:47:06	1161	3.9	1.726	8.354	15.877	0.324	898	58	1	0	26.7	751.1	
24.12.2021 18:47:08	1163	3.8	1.748	8.386	15.877	0.324	905	63	0	0	26.8	751.3	
24.12.2021 18:47:09	1164	3.8	1.748	8.386	15.877	0.324	905	63	0	0	26.8	751.3	
24.12.2021 18:47:10	1165	3.8	1.748	8.386	15.877	0.324	905	63	0	0	26.8	751.3	
24.12.2021 18:47:12	1167	3.8	1.784	8.408	15.907	0.376	912	67	0	0	26.9	751.3	
24.12.2021 18:47:13	1168	3.8	1.796	8.408	15.928	0.376	912	67	0	0	26.9	751.6	
24.12.2021 18:47:15	1170	3.8	1.800	8.408	15.928	0.415	912	72	0	0	27.0	751.4	
24.12.2021 18:47:16	1171	3.8	1.800	8.408	15.928	0.415	912	72	0	0	27.0	751.4	
24.12.2021 18:47:17	1172	3.8	1.820	8.418	15.928	0.415	917	72	0	0	26.8	751.5	
24.12.2021 18:47:19	1174	3.8	1.821	8.418	15.928	0.441	917	76	0	0	26.7	751.3	
24.12.2021 18:47:20	1175	3.8	1.842	8.429	15.928	0.441	923	76	0	0	26.7	750.8	
24.12.2021 18:47:21	1176	3.8	1.842	8.429	15.928	0.441	923	76	0	0	26.7	750.8	
24.12.2021 18:47:22	1177	3.8	1.842	8.429	15.928	0.441	923	76	0	0	26.7	750.8	
24.12.2021 18:47:24	1179	3.8	1.842	8.429	15.928	0.441	923	77	0	0	26.7	750.8	
24.12.2021 18:47:25	1180	3.7	1.868	8.451	15.978	0.453	927	77	0	0	26.8	751.3	
24.12.2021 18:47:26	1181	3.7	1.868	8.451	15.978	0.453	927	77	0	0	26.8	751.3	
24.12.2021 18:47:27	1182	3.7	1.876	8.451	15.978	0.441	930	77	0	0	26.9	751.2	
24.12.2021 18:47:29	1184	3.7	1.876	8.451	15.978	0.441	930	19	0	0	26.9	751.2	
24.12.2021 18:47:30	1185	3.7	1.891	8.494	16.028	0.402	930	19	0	0	26.9	751.4	
24.12.2021 18:47:32	1187	3.7	1.898	8.526	16.028	0.402	932	0	0	0	26.8	751.3	
24.12.2021 18:47:33	1188	3.7	1.901	8.526	16.068	0.402	932	0	0	0	26.9	751.4	
24.12.2021 18:47:35	1190	3.7	1.903	8.526	16.068	0.389	935	0	0	0	26.8	751.3	
24.12.2021 18:47:37	1192	3.7	1.901	8.559	16.068	0.389	935	0	0	0	26.7	751.6	
24.12.2021 18:47:38	1193	3.7	1.901	8.559	16.068	0.389	935	0	0	0	26.7	751.6	
24.12.2021 18:47:40	1195	4.1	1.862	8.559	16.088	0.389	936	0	0	0	26.7	751.4	
24.12.2021 18:47:41	1196	4.1	1.862	8.559	16.088	0.389	936	0	0	0	26.7	751.4	
24.12.2021 18:47:42	1197	4.1	1.862	8.559	16.088	0.389	936	0	0	0	26.7	751.4	
24.12.2021 18:47:43	1198	6.2	1.727	8.526	15.988	0.337	927	0	0	0	26.6	751.6	
24.12.2021 18:47:45	1200	7.7	1.643	8.170	15.375	0.337	927	0	0	0	26.6	751.5	
24.12.2021 18:47:46	1201	7.7	1.643	8.170	15.375	0.337	927	0	0	0	26.6	751.5	
24.12.2021 18:47:47	1202	7.7	1.643	8.170	15.375	0.337	927	0	0	0	26.6	751.5	
24.12.2021 18:47:48	1203	7.7	1.643	8.170	15.375	0.337	927	2	0	0	26.6	751.5	
24.12.2021 18:47:50	1205	11.3	1.414	7.327	13.929	0.207	888	2	0	0	26.4	751.3	
24.12.2021 18:47:52	1207	13.0	1.361	6.019	13.929	0.000	810	67	0	0	26.4	751.3	
24.12.2021 18:47:53	1208	13.7	1.283	6.019	11.679	0.000	810	67	0	0	26.6	751.6	
24.12.2021 18:47:54	1209	14.4	1.218	6.019	11.679	0.000	810	67	0	0	26.6	751.3	
24.12.2021 18:47:55	1210	15.2	1.135	6.019	11.679	0.000	696	67	0	0	26.5	751.3	
24.12.2021 18:47:56	1211	15.7	1.185	4.463	11.679	0.000	696	139	0	0	26.6	751.3	
24.12.2021 18:47:58	1213	16.8	1.026	4.463	8.967	0.000	696	139	0	0	26.4	751.6	
24.12.2021 18:47:59	1214	16.8	1.026	4.463	8.967	0.000	696	139	0	0	26.4	751.6	
24.12.2021 18:48:01	1216	17.7	0.972	3.037	6.386	0.000	562	211	0	0	26.5	751.6	
24.12.2021 18:48:03	1218	18.5	0.819	3.037	6.386	0.000	434	211	0	0	26.3	751.3	
24.12.2021 18:48:05	1220	18.5	0.819	3.037	6.386	0.000	434	281	0	0	26.3	751.3	
24.12.2021 18:48:06	1221	19.0	0.783	1.945	4.337	0.000	434	281	0	0	26.5	751.5	
24.12.2021 18:48:07	1222	19.2	0.727	1.945	4.337	0.000	332	281	0	0	26.4	751.5	
24.12.2021 18:48:09	1224	19.3	0.751	1.210	4.337	0.000	332	325	0	0	26.4	751.7	
24.12.2021 18:48:10	1225	19.3	0.751	1.210	4.337	0.000	332	325	0	0	26.4	751.7	
24.12.2021 18:48:12	1227	19.6	0.629	0.832	2.891	0.000	256	118	0	0	26.5	751.5	
24.12.2021 18:48:13	1228	19.6	0.629	0.832	2.891	0.000	256	118	0	0	26.5	751.5	
24.12.2021 18:48:14	1229	19.8	0.545	0.832	1.946	0.000	205	118	0	0	26.6	751.3	
24.12.2021 18:48:15	1230	19.8	0.545	0.832	1.946	0.000	205	118	0	0	26.6	751.3	
24.12.2021 18:48:16	1231	19.9	0.534	0.540	1.946	0.000	205	68	0	0	26.5	751.2	
24.12.2021 18:48:18	1233	20.0	0.470	0.540	1.354	0.000	205	68	0	0	26.6	751.3	
24.12.2021 18:48:19	1234	20.0	0.438	0.540	1.354	0.000	172	68	0	0	26.7	751.6	
24.12.2021 18:48:20	1235	20.0	0.434	0.367	1.354	0.000	172	62	0	0	26.5	751.6	
24.12.2021 18:48:21	1236	20.1	0.401	0.367	0.982	0.000	172	62	0	0	26.7	751.8	
24.12.2021 18:48:23	1238	20.1	0.401	0.367	0.982	0.000	172	62	0	0	26.7	751.8	
24.12.2021 18:48:25	1240	20.1	0.334	0.259	0.751	0.000	150	56	0	0	26.6	751.3	
24.12.2021 18:48:26	1241	20.0	0.315	0.259	0.751	0.000	150	56	0	0	26.5	751.4	
24.12.2021 18:48:28	1243	19.9	0.307	0.259	0.751	0.000	135	51	0	0	26.6	751.2	
24.12.2021 18:48:29	1244	19.9	0.307	0.259	0.751	0.000	135	51	0	0	26.6	751.2	
24.12.2021 18:48:31	1246	18.6	0.326	0.195	0.671	0.000	127	51	0	0	26.6	751.0	
24.12.2021 18:48:32	1247	18.1	0.336	0.227	0.671	0.000	127	47	0	0	26.5	751.1	
24.12.2021 18:48:33	1248	17.5	0.365	0.227	0.922	0.000	127	47	0	0	26.6	751.3	
24.12.2021 18:48:35	1250	16.1	0.441	0.227	0.922	0.000	138	43	0	0	26.4	751.6	
24.12.2021 18:48:37	1252	15.3	0.485	0.443	1.685	0.000	138	43	0	0	26.2	751.5	
24.12.2021 18:48:38	1253	15.3	0.485	0.443	1.685	0.000	138	43	0	0	26.2	751.5	
24.12.2021 18:48:40	1255	12.9	0.640	0.951	1.685	0.000	185	41	0	0	26.6	751.2	
24.12.2021 18:48:42	1257	11.4	0.791	0.951	3.222	0.000	185	41	0	0	26.5	751.3	
24.12.2021 18:48:43	1258	10.8	0.783	1.891	3.222	0.000	279	40	0	0	26.6	751.3	
24.12.2021 18:48:44	1259	10.8	0.783	1.891	3.222	0.000	279	40	0	0	26.6	751.3	
24.12.2021 18:48:46	1261	9.2	0.990	1.891	5.643	0.000	279	40	0	0	26.8	752.0	
24.12.2021 18:48:47	1262	9.2	0.990	1.891	5.643	0.000	279	43	0	0	26.8	752.0	
24.12.2021 18:48:48	1263	9.2	0.990	1.891	5.643	0.000	279	43	0	0	26.8	752.0	
24.12.2021 18:48:50	1265	7.4	1.163	3.188	8.425	0.000	412	43	0	0	26.4	751.2	
24.12.2021 18:48:51	1266	6.9	1.227	3.188	8.425	0.000	569	46	0	0	26.7	751.5	
24.12.2021 18:48:52	1267	6.5	1.188	4.517	8.425	0.000	569	46	0	0	26.5	751.1	
24.12.2021 18:48:53	1268	6.5	1.188	4.517	8.425	0.000	569	46	0	0	26.5	751.1	
24.12.2021 18:48:55	1270	5.6	1.362	4.517	10.986	0.000	720	46	0	0	26.6	751.6	
24.12.2021 18:48:56	1271	5.6	1.362	4.517	10.986	0.000	720	53	0	0	26.6	751.6	
24.12.2021 18:48:58	1273	4.7	1.480	5.695	13.125	0.246	720	53	0	0	26.5	751.8	
24.12.2021 18:49:00	1275	4.5	1.544	5.695	13.125	0.246	846	60	0	0	26.5	751.6	
24.12.2021 18:49:01	1276	4.5	1.544	5.695	13.125	0.246	846	60	0	0	26.5	751.6	
24.12.2021 18:49:03	1278	4.1	1.600	6.625	14.752	0.764	846	60	0	0	26.7	751.6	
24.12.2021 18:49:04	1279	3.8	1.656	7.316	15.907	0.764	944	70	0	0	26.5	750.9	
24.12.2021 18:49:06	1281	3.8	1.656	7.316	15.907	0.764	944	70	0	0	26.5	750.9	
24.12.2021 18:49:08	1283	3.6	1.766	7.316	15.907	1.257	1017	70	0	0	26.6	751.5	
24.12.2021 18:49:09	1284	3.6	1.766	7.316	15.907	1.257	1017	80	0	0	26.6	751.5	
24.12.2021 18:49:11	1286	3.4	1.831	8.105	16.701	1.684	1069	80	0	0	26.5	751.6	
24.12.2021 18:49:12	1287	3.3	1.868	8.105	17.193	1.684	1069	91	0	0	26.4	751.5	
24.12.2021 18:49:13	1288	3.3	1.891	8.105	17.193	2.060	1069	91	0	0	26.5	751.7	
24.12.2021 18:49:15	1290	3.3	1.911	8.105	17.193	2.060	1106	91	0	0	26.4	751.6	
24.12.2021 18:49:16	1291	3.2	1.922	8.300	17.193	2.060	1106	60	0	0	26.5	751.3	
24.12.2021 18:49:17	1292	3.2	1.948	8.300	17.514	2.060	1106	60	0	0	26.4	751.1	
24.12.2021 18:49:19	1294	3.2	1.980	8.300	17.514	2.306	1133	60	0	0	26.5	751.3	
24.12.2021 18:49:20	1295	3.2	1.992	8.408	17.514	2.306	1133	0	0	0	26.4	751.4	
24.12.2021 18:49:22	1297	3.1	2.024	8.408	17.685	2.449	1149	0	0	0	26.6	751.4	
24.12.2021 18:49:23	1298	3.1	2.024	8.408	17.685	2.449	1149	0	0	0	26.6	751.4	
24.12.2021 18:49:25	1300	3.1	2.045	8.462	17.796	2.449	1149	0	0	0	26.4	751.3	
24.12.2021 18:49:26	1301	3.1	2.063	8.462	17.796	2.539	1159	0	0	0	26.4	751.6	
24.12.2021 18:49:27	1302	3.1	2.074	8.494	17.796	2.539	1159	0	0	0	26.4	751.5	
24.12.2021 18:49:29	1304	3.1	2.074	8.494	17.796	2.539	1159	0	0	0	26.4	751.5	
24.12.2021 18:49:30	1305	3.1	2.074	8.494	17.796	2.539	1159	0	0	0	26.4	751.5	
24.12.2021 18:49:32	1307	3.1	2.093	8.494	17.926	2.539	1166	0	0	0	26.4	751.8	
24.12.2021 18:49:33	1308	3.1	2.093	8.494	17.926	2.539	1166	0	0	0	26.4	751.8	
24.12.2021 18:49:34	1309	3.1	2.110	8.494	17.926	2.539	1166	0	0	0	26.5	751.7	
24.12.2021 18:49:36	1311	3.1	2.135	8.483	17.926	2.539	1168	0	0	0	26.5	751.6	
24.12.2021 18:49:37	1312	3.1	2.135	8.483	17.926	2.539	1168	0	0	0	26.5	751.6	
24.12.2021 18:49:38	1313	3.1	2.135	8.483	17.926	2.539	1168	0	0	0	26.5	751.6	
24.12.2021 18:49:39	1314	3.1	2.135	8.483	17.926	2.539	1168	0	0	0	26.5	751.6	
24.12.2021 18:49:40	1315	3.0	2.149	8.472	17.966	2.526	1171	0	0	0	26.3	751.6	
24.12.2021 18:49:41	1316	3.0	2.149	8.472	18.017	2.526	1171	0	0	0	26.2	751.2	
24.12.2021 18:49:43	1318	3.0	2.149	8.472	18.017	2.526	1171	0	0	0	26.2	751.2	
24.12.2021 18:49:44	1319	3.0	2.155	8.483	18.017	2.539	1173	0	0	0	26.3	751.5	
24.12.2021 18:49:45	1320	3.0	2.155	8.483	18.017	2.539	1173	0	0	0	26.3	751.5	
24.12.2021 18:49:47	1322	3.0	2.199	8.505	18.087	2.578	1175	0	0	0	26.4	751.5	
24.12.2021 18:49:48	1323	3.0	2.203	8.505	18.167	2.578	1175	0	0	0	26.3	751.6	
24.12.2021 18:49:49	1324	3.0	2.205	8.505	18.167	2.643	1175	0	0	0	26.4	751.5	
24.12.2021 18:49:51	1326	3.0	2.205	8.505	18.167	2.643	1175	0	0	0	26.4	751.5	
24.12.2021 18:49:52	1327	3.1	2.203	8.548	18.197	2.643	1178	0	0	0	26.3	751.3	
24.12.2021 18:49:53	1328	3.1	2.203	8.548	18.197	2.643	1178	0	0	0	26.3	751.3	
24.12.2021 18:49:54	1329	3.1	2.203	8.548	18.197	2.643	1178	0	0	0	26.3	751.3	
24.12.2021 18:49:55	1330	3.4	2.204	8.548	18.197	2.721	1180	0	0	0	26.5	751.4	
24.12.2021 18:49:57	1332	4.2	2.163	8.570	18.167	2.721	1180	0	0	0	26.3	751.5	
24.12.2021 18:49:58	1333	4.8	2.130	8.570	18.167	2.747	1180	0	0	0	26.5	751.7	
24.12.2021 18:50:00	1335	5.4	2.106	8.375	18.167	2.747	1180	11	0	0	26.5	751.3	
24.12.2021 18:50:01	1336	5.4	2.106	8.375	18.167	2.747	1180	11	0	0	26.5	751.3	
24.12.2021 18:50:03	1338	8.4	1.890	8.375	17.675	2.578	1156	11	0	0	26.3	751.6	
24.12.2021 18:50:04	1339	9.4	1.854	7.727	17.675	2.578	1156	51	0	0	26.4	751.8	
24.12.2021 18:50:06	1341	11.1	1.696	7.727	16.319	2.112	1092	51	0	0	26.6	751.7	
24.12.2021 18:50:07	1342	12.1	1.678	6.603	16.319	2.112	1092	51	0	0	26.4	751.5	
24.12.2021 18:50:09	1344	13.5	1.514	6.603	14.039	1.283	1092	110	0	0	26.4	751.5	
24.12.2021 18:50:10	1345	14.3	1.415	6.603	14.039	1.283	980	110	0	0	26.4	751.5	
24.12.2021 18:50:12	1347	14.3	1.415	6.603	14.039	1.283	980	182	0	0	26.4	751.5	
24.12.2021 18:50:14	1349	16.4	1.239	5.122	11.096	0.402	829	182	0	0	26.3	751.3	
24.12.2021 18:50:15	1350	16.4	1.239	5.122	11.096	0.402	829	182	0	0	26.3	751.3	
24.12.2021 18:50:16	1351	16.4	1.239	5.122	11.096	0.402	829	182	0	0	26.3	751.3	
24.12.2021 18:50:17	1352	16.4	1.239	5.122	11.096	0.402	829	269	0	0	26.3	751.3	
24.12.2021 18:50:18	1353	17.8	1.064	3.620	8.113	0.000	666	269	0	0	26.5	751.3	
24.12.2021 18:50:19	1354	18.2	1.081	2.410	8.113	0.000	666	269	0	0	26.4	751.1	
24.12.2021 18:50:21	1356	18.6	0.955	2.410	5.633	0.000	666	346	0	0	26.4	751.3	
24.12.2021 18:50:23	1358	19.0	0.906	1.545	5.633	0.000	516	392	0	0	26.3	751.3	
24.12.2021 18:50:24	1359	19.0	0.906	1.545	5.633	0.000	516	392	0	0	26.3	751.3	
24.12.2021 18:50:26	1361	19.4	0.781	1.545	3.805	0.000	397	392	0	0	26.4	751.8	
24.12.2021 18:50:27	1362	19.5	0.774	0.973	3.805	0.000	397	392	0	0	26.3	751.4	
24.12.2021 18:50:28	1363	19.6	0.731	0.973	2.549	0.000	397	420	0	0	26.3	751.6	
24.12.2021 18:50:30	1365	19.6	0.731	0.973	2.549	0.000	397	420	0	0	26.3	751.6	
24.12.2021 18:50:31	1366	19.8	0.663	0.616	2.549	0.000	309	420	0	0	26.5	751.5	
24.12.2021 18:50:32	1367	19.9	0.623	0.616	1.736	0.000	309	430	0	0	26.5	751.7	
24.12.2021 18:50:34	1369	20.0	0.546	0.616	1.736	0.000	247	430	0	0	26.5	751.5	
24.12.2021 18:50:35	1370	20.1	0.533	0.400	1.736	0.000	247	426	0	0	26.3	751.3	
24.12.2021 18:50:37	1372	20.2	0.470	0.400	1.213	0.000	247	426	0	0	26.3	751.2	
24.12.2021 18:50:38	1373	20.2	0.443	0.400	1.213	0.000	206	426	0	0	26.4	751.5	
24.12.2021 18:50:39	1374	20.2	0.443	0.400	1.213	0.000	206	414	0	0	26.4	751.5	
24.12.2021 18:50:41	1376	20.2	0.402	0.270	0.882	0.000	206	414	0	0	26.4	751.1	
24.12.2021 18:50:42	1377	20.2	0.382	0.270	0.882	0.000	206	414	0	0	26.5	751.4	
24.12.2021 18:50:43	1378	20.2	0.382	0.270	0.882	0.000	206	397	0	0	26.5	751.4	
24.12.2021 18:50:44	1379	20.3	0.344	0.195	0.671	0.000	176	397	0	0	26.5	751.4	
24.12.2021 18:50:46	1381	20.3	0.316	0.195	0.671	0.000	156	195	0	0	26.3	751.7	
24.12.2021 18:50:48	1383	20.3	0.304	0.140	0.671	0.000	156	195	0	0	26.3	751.6	
24.12.2021 18:50:49	1384	20.4	0.284	0.140	0.530	0.000	156	195	0	0	26.4	751.3	
24.12.2021 18:50:50	1385	20.4	0.268	0.140	0.530	0.000	146	195	0	0	26.5	751.1	
24.12.2021 18:50:52	1387	20.4	0.268	0.140	0.530	0.000	146	105	0	0	26.5	751.1	
24.12.2021 18:50:54	1389	20.4	0.224	0.119	0.440	0.000	138	105	0	0	26.3	751.8	
24.12.2021 18:50:56	1391	20.4	0.198	0.097	0.370	0.000	138	92	0	0	26.4	751.3	
24.12.2021 18:50:57	1392	20.4	0.198	0.097	0.370	0.000	138	92	0	0	26.4	751.3	
24.12.2021 18:50:59	1394	20.4	0.185	0.097	0.370	0.000	134	85	0	0	26.4	751.3	
24.12.2021 18:51:00	1395	20.4	0.188	0.076	0.329	0.000	134	85	0	0	26.5	751.1	
24.12.2021 18:51:02	1397	20.5	0.177	0.076	0.329	0.000	130	85	0	0	26.4	751.2	
24.12.2021 18:51:03	1398	20.5	0.160	0.076	0.329	0.000	130	80	0	0	26.4	751.4	
24.12.2021 18:51:04	1399	20.5	0.153	0.076	0.289	0.000	130	80	0	0	26.4	751.4	
24.12.2021 18:51:05	1400	20.5	0.143	0.076	0.289	0.000	130	80	0	0	26.5	751.2	
24.12.2021 18:51:07	1402	20.5	0.134	0.065	0.289	0.000	126	75	0	0	26.2	751.2	
24.12.2021 18:51:08	1403	20.5	0.134	0.065	0.289	0.000	126	75	0	0	26.2	751.2	
24.12.2021 18:51:09	1404	20.5	0.134	0.065	0.289	0.000	126	75	0	0	26.2	751.2	
24.12.2021 18:51:11	1406	20.5	0.131	0.054	0.269	0.000	123	71	0	0	26.5	751.8	
24.12.2021 18:51:12	1407	20.5	0.131	0.054	0.269	0.000	123	71	0	0	26.5	751.8	
24.12.2021 18:51:13	1408	20.5	0.131	0.054	0.239	0.000	123	71	0	0	26.5	751.9	
24.12.2021 18:51:15	1410	20.5	0.131	0.054	0.239	0.000	120	66	0	0	26.5	751.9	
24.12.2021 18:51:16	1411	20.5	0.119	0.054	0.219	0.000	120	66	0	0	26.4	751.8	
24.12.2021 18:51:17	1412	20.5	0.117	0.054	0.219	0.000	120	66	0	0	26.3	751.5	
24.12.2021 18:51:18	1413	20.5	0.104	0.054	0.219	0.000	117	63	0	0	26.3	751.7	
24.12.2021 18:51:19	1414	20.5	0.091	0.054	0.219	0.000	117	63	0	0	26.4	751.6	
24.12.2021 18:51:21	1416	20.5	0.083	0.054	0.199	0.000	117	63	0	0	26.2	751.5	
24.12.2021 18:51:22	1417	20.5	0.078	0.054	0.199	0.000	115	60	0	0	26.4	751.7	
24.12.2021 18:51:24	1419	20.5	0.078	0.054	0.199	0.000	115	60	0	0	26.4	751.7	
24.12.2021 18:51:26	1421	20.5	0.072	0.054	0.189	0.000	111	60	0	0	26.4	751.6	
24.12.2021 18:51:27	1422	20.5	0.072	0.054	0.189	0.000	111	57	0	0	26.4	751.6	
24.12.2021 18:51:28	1423	20.6	0.071	0.043	0.179	0.000	111	57	0	0	26.4	751.7	
24.12.2021 18:51:30	1425	20.5	0.071	0.043	0.179	0.000	111	57	0	0	26.5	751.8	
24.12.2021 18:51:31	1426	20.5	0.071	0.043	0.179	0.000	111	54	0	0	26.5	751.8	
24.12.2021 18:51:33	1428	20.6	0.071	0.043	0.159	0.000	108	54	0	0	26.5	751.8	
24.12.2021 18:51:34	1429	20.6	0.071	0.043	0.159	0.000	107	51	0	0	26.4	751.8	
24.12.2021 18:51:36	1431	20.6	0.071	0.043	0.149	0.000	107	51	0	0	26.4	751.1	
24.12.2021 18:51:37	1432	20.6	0.071	0.043	0.149	0.000	107	51	0	0	26.4	751.1	
24.12.2021 18:51:38	1433	20.6	0.071	0.043	0.149	0.000	107	51	0	0	26.5	751.5	
24.12.2021 18:51:40	1435	20.6	0.071	0.043	0.149	0.000	107	49	0	0	26.5	751.5	
24.12.2021 18:51:41	1436	20.6	0.071	0.043	0.149	0.000	107	49	0	0	26.5	751.5	
24.12.2021 18:51:42	1437	20.6	0.072	0.032	0.139	0.000	104	49	0	0	26.3	751.3	
24.12.2021 18:51:44	1439	20.6	0.072	0.032	0.139	0.000	104	47	0	0	26.3	750.9	
24.12.2021 18:51:45	1440	20.6	0.072	0.032	0.119	0.000	104	47	0	0	26.4	751.6	
24.12.2021 18:51:46	1441	20.6	0.072	0.032	0.119	0.000	104	47	0	0	26.4	751.6	
24.12.2021 18:51:47	1442	20.6	0.072	0.032	0.119	0.000	104	45	0	0	26.4	751.6	
24.12.2021 18:51:49	1444	20.6	0.072	0.032	0.108	0.000	105	45	0	0	26.3	751.6	
24.12.2021 18:51:51	1446	20.6	0.067	0.032	0.108	0.000	104	43	0	0	26.4	751.7	
24.12.2021 18:51:52	1447	20.6	0.067	0.032	0.108	0.000	104	43	0	0	26.4	751.7	
24.12.2021 18:51:53	1448	20.6	0.067	0.032	0.108	0.000	104	43	0	0	26.4	751.7	
24.12.2021 18:51:54	1449	20.6	0.071	0.032	0.098	0.000	102	43	0	0	26.3	751.3	
24.12.2021 18:51:55	1450	20.6	0.067	0.022	0.098	0.000	102	41	0	0	26.4	751.6	
24.12.2021 18:51:57	1452	20.6	0.067	0.022	0.098	0.000	102	41	0	0	26.4	751.6	
24.12.2021 18:51:58	1453	20.6	0.067	0.022	0.098	0.000	102	41	0	0	26.4	751.6	
24.12.2021 18:52:00	1455	20.6	0.036	0.022	0.088	0.000	102	40	0	0	26.5	751.8	
24.12.2021 18:52:01	1456	20.6	0.032	0.022	0.088	0.000	102	40	0	0	26.5	751.7	
24.12.2021 18:52:02	1457	20.6	0.029	0.022	0.088	0.000	101	40	0	0	26.6	751.8	
24.12.2021 18:52:03	1458	20.6	0.029	0.022	0.088	0.000	101	38	0	0	26.6	751.8	
24.12.2021 18:52:04	1459	20.6	0.029	0.022	0.088	0.000	101	38	0	0	26.6	751.8	
24.12.2021 18:52:06	1461	20.6	0.024	0.022	0.078	0.000	101	38	0	0	26.7	751.4	
24.12.2021 18:52:07	1462	20.6	0.029	0.022	0.078	0.000	101	38	0	0	26.5	751.3	
24.12.2021 18:52:09	1464	20.6	0.029	0.022	0.078	0.000	101	38	0	0	26.5	751.3	
24.12.2021 18:52:10	1465	20.6	0.021	0.022	0.068	0.000	99	38	0	0	26.6	751.7	
24.12.2021 18:52:11	1466	20.6	0.017	0.022	0.068	0.000	99	36	0	0	26.7	751.6	
24.12.2021 18:52:13	1468	20.6	0.015	0.022	0.068	0.000	99	36	0	0	26.7	751.8	
24.12.2021 18:52:14	1469	20.6	0.014	0.022	0.068	0.000	97	36	0	0	26.4	751.7	
